532 1992 1
420 1905 1
672 1994 1
799 2005 1
482 1990 1
482 2005 1
1141 2918 1
1141 2920 1
551 1992 1
86 50 1
1125 2891 1
1125 2922 1
353 1821 1
353 2013 1
353 2092 1
31 11 1
365 1825 1
365 1935 1
365 2063 1
497 1990 1
83 50 1
394 1874 1
394 1905 1
394 3015 1
179 1364 1
514 1992 1
514 2023 1
626 1994 1
535 1992 1
882 2023 1
882 2642 1
398 1875 1
54 31 1
693 1995 1
286 1681 1
126 101 1
170 1351 1
1006 2359 1
522 1992 1
737 1998 1
737 2338 1
282 1677 1
298 1682 1
298 4422 1
613 1994 1
331 1691 1
820 2011 1
1233 2959 1
419 1905 1
419 1929 1
419 2063 1
636 1994 1
921 2071 1
921 2097 1
1114 2890 1
724 1996 1
171 1351 1
260 1533 1
852 2016 1
138 643 1
549 1992 1
549 2014 1
558 1992 1
467 1980 1
39 25 1
542 1992 1
542 1994 1
314 1684 1
594 1993 1
1156 2921 1
66 38 1
211 1366 1
630 1994 1
1392 4422 1
622 1994 1
622 1995 1
2 0 1
2 2922 1
311 1684 1
27 6 1
745 1999 1
745 2922 1
624 1994 1
256 1526 1
25 3 1
572 1992 1
47 29 1
106 71 1
120 92 1
45 26 1
45 2019 1
533 1992 1
1132 2891 1
92 54 1
666 1994 1
194 1365 1
194 1463 1
194 1868 1
110 77 1
886 2023 1
541 1992 1
541 2065 1
733 1998 1
267 1538 1
267 1825 1
267 1826 1
1075 2730 1
1075 2891 1
1075 2921 1
1075 2922 1
1075 2929 1
1075 2943 1
1075 2944 1
1075 2975 1
1075 2982 1
71 40 1
33 11 1
644 1994 1
1118 2890 1
778 2002 1
373 1826 1
9 1 1
9 3 1
9 68 1
9 1992 1
449 1934 1
1280 4364 1
144 1261 1
144 1364 1
667 1994 1
1155 2921 1
372 1826 1
1099 2887 1
1099 2937 1
531 1992 1
228 1457 1
79 46 1
79 54 1
79 1931 1
148 1275 1
148 2001 1
555 1992 1
555 2019 1
555 2023 1
408 1904 1
507 1992 1
504 1992 1
172 1351 1
125 101 1
125 1820 1
125 1931 1
125 1980 1
90 54 1
69 38 1
69 40 1
421 1905 1
516 1992 1
652 1994 1
173 1351 1
162 1350 1
162 1993 1
568 1992 1
483 1990 1
1187 2927 1
734 1998 1
717 1995 1
454 1935 1
454 1936 1
454 2097 1
454 2947 1
75 43 1
75 1321 1
272 1542 1
1202 2937 1
278 1671 1
1359 4422 1
36 14 1
616 1994 1
114 82 1
114 2005 1
417 1904 1
604 1994 1
1427 4425 1
11 2 1
396 1875 1
761 2001 1
22 3 1
1347 4422 1
93 58 1
153 1313 1
153 1368 1
153 1684 1
580 1992 1
487 1990 1
635 1994 1
369 1826 1
935 2094 1
773 2002 1
773 2023 1
4 0 1
4 2163 1
1169 2922 1
1166 2922 1
653 1994 1
653 2023 1
399 1875 1
19 3 1
35 14 1
35 102 1
407 1904 1
961 2163 1
625 1994 1
17 3 1
190 1365 1
190 1994 1
606 1994 1
301 1682 1
1230 2958 1
517 1992 1
546 1992 1
658 1994 1
283 1681 1
797 2005 1
749 1999 1
469 1990 1
800 2006 1
160 1350 1
877 2021 1
152 1313 1
509 1992 1
586 1993 1
1143 2920 1
151 1313 1
151 2890 1
1014 2637 1
452 1934 1
452 2355 1
623 1994 1
262 1533 1
150 1275 1
150 1686 1
150 1827 1
150 1906 1
640 1994 1
1403 4422 1
146 1261 1
186 1364 1
608 1994 1
751 2000 1
854 2016 1
219 1372 1
219 1457 1
441 1932 1
441 1994 1
648 1994 1
524 1992 1
540 1992 1
484 1990 1
95 59 1
95 1681 1
392 1870 1
1435 4426 1
1435 4427 1
612 1994 1
725 1996 1
725 4421 1
98 65 1
98 1686 1
98 2000 1
98 2182 1
98 2617 1
98 2639 1
98 2922 1
406 1904 1
1071 2730 1
779 2004 1
134 249 1
134 1521 1
230 1457 1
418 1904 1
391 1870 1
647 1994 1
1152 2921 1
379 1868 1
791 2005 1
878 2021 1
1016 2637 1
455 1935 1
702 1995 1
1413 4424 1
776 2002 1
166 1350 1
646 1994 1
474 1990 1
21 3 1
459 1936 1
343 1820 1
343 1904 1
1123 2891 1
87 53 1
87 167 1
107 73 1
107 420 1
506 1992 1
602 1993 1
602 2007 1
602 2920 1
602 2961 1
23 3 1
1432 4425 1
714 1995 1
1149 2921 1
1229 2957 1
1229 4422 1
381 1868 1
163 1350 1
163 1351 1
680 1995 1
680 2619 1
680 2922 1
680 2929 1
680 2936 1
680 2942 1
661 1994 1
628 1994 1
63 37 1
494 1990 1
922 2071 1
196 1365 1
30 11 1
1190 2929 1
1190 2949 1
1395 4422 1
461 1936 1
710 1995 1
479 1990 1
124 101 1
538 1992 1
942 2116 1
607 1994 1
426 1929 1
426 2163 1
727 1997 1
668 1994 1
81 46 1
425 1929 1
65 38 1
65 2019 1
471 1990 1
605 1994 1
175 1351 1
793 2005 1
712 1995 1
416 1904 1
643 1994 1
1438 4426 1
588 1993 1
1074 2730 1
430 1930 1
601 1993 1
78 45 1
567 1992 1
528 1992 1
405 1880 1
405 1904 1
405 2921 1
405 2922 1
405 2924 1
277 1671 1
578 1992 1
247 1497 1
736 1998 1
597 1993 1
423 1928 1
2 9 1
2 2 1
2 3 1
2 10 1
2 14 1
2 15 1
2 25 1
2 26 1
2 31 1
2 34 1
2 37 1
2 38 1
2 39 1
2 40 1
2 48 1
2 50 1
2 52 1
2 53 1
2 56 1
2 59 1
2 61 1
2 63 1
2 65 1
2 75 1
2 80 1
2 83 1
2 85 1
2 86 1
2 89 1
2 98 1
2 101 1
2 103 1
2 104 1
2 107 1
2 110 1
2 116 1
2 118 1
2 119 1
2 122 1
2 123 1
2 127 1
2 132 1
2 139 1
2 141 1
2 151 1
2 184 1
2 204 1
2 205 1
2 233 1
2 244 1
2 253 1
2 303 1
2 308 1
2 319 1
2 332 1
2 334 1
2 336 1
2 348 1
2 448 1
2 449 1
2 451 1
2 452 1
2 453 1
2 458 1
2 463 1
2 469 1
2 471 1
2 492 1
2 505 1
2 514 1
2 549 1
2 551 1
2 552 1
2 566 1
2 568 1
2 569 1
2 576 1
2 580 1
2 581 1
2 584 1
2 586 1
2 590 1
2 592 1
2 597 1
2 602 1
2 638 1
2 642 1
2 643 1
2 658 1
2 659 1
2 668 1
2 835 1
2 874 1
2 939 1
2 959 1
2 1015 1
2 1034 1
2 1045 1
2 1047 1
2 1049 1
2 1050 1
2 1051 1
2 1062 1
2 1065 1
2 1066 1
2 1070 1
2 1098 1
2 1112 1
2 1164 1
2 1176 1
2 2902 1
2 2910 1
2 2921 1
2 2924 1
2 2925 1
2 2927 1
2 2930 1
2 2949 1
2 2958 1
2 2968 1
2 2969 1
2 2970 1
2 2976 1
2 3001 1
2 3022 1
2 3032 1
2 3035 1
2 3083 1
2 3093 1
2 3097 1
2 3111 1
2 3129 1
2 3136 1
2 3144 1
2 3153 1
2 3156 1
2 3159 1
2 3364 1
2 3365 1
2 3407 1
2 3441 1
2 3464 1
2 3496 1
2 3554 1
2 3570 1
2 3571 1
4 18 1
4 2 1
4 3 1
4 7 1
4 9 1
4 10 1
4 14 1
4 15 1
4 17 1
4 22 1
4 25 1
4 26 1
4 29 1
4 31 1
4 34 1
4 37 1
4 38 1
4 39 1
4 40 1
4 48 1
4 50 1
4 52 1
4 53 1
4 56 1
4 59 1
4 61 1
4 63 1
4 65 1
4 75 1
4 83 1
4 85 1
4 86 1
4 89 1
4 98 1
4 101 1
4 103 1
4 104 1
4 107 1
4 110 1
4 116 1
4 118 1
4 119 1
4 122 1
4 123 1
4 127 1
4 132 1
4 139 1
4 141 1
4 151 1
4 184 1
4 190 1
4 204 1
4 205 1
4 233 1
4 244 1
4 253 1
4 303 1
4 308 1
4 319 1
4 330 1
4 332 1
4 334 1
4 336 1
4 348 1
4 448 1
4 449 1
4 451 1
4 452 1
4 453 1
4 457 1
4 458 1
4 463 1
4 465 1
4 469 1
4 471 1
4 492 1
4 505 1
4 514 1
4 549 1
4 551 1
4 552 1
4 566 1
4 568 1
4 569 1
4 576 1
4 580 1
4 581 1
4 584 1
4 586 1
4 590 1
4 592 1
4 597 1
4 602 1
4 638 1
4 642 1
4 643 1
4 658 1
4 659 1
4 668 1
4 808 1
4 814 1
4 835 1
4 874 1
4 939 1
4 959 1
4 1034 1
4 1045 1
4 1047 1
4 1049 1
4 1050 1
4 1051 1
4 1062 1
4 1065 1
4 1066 1
4 1070 1
4 1098 1
4 1112 1
4 1164 1
4 1995 1
4 1997 1
4 1998 1
4 2000 1
4 2001 1
4 2003 1
4 2004 1
4 2009 1
4 2012 1
4 2013 1
4 2014 1
4 2015 1
4 2016 1
4 2018 1
4 2019 1
4 2020 1
4 2021 1
4 2023 1
4 2024 1
4 2025 1
4 2027 1
4 2093 1
4 2094 1
4 2095 1
4 2096 1
4 2097 1
4 2102 1
4 2103 1
4 2116 1
4 2138 1
4 2145 1
4 2148 1
4 2152 1
4 2154 1
4 2155 1
4 2159 1
4 2161 1
4 2162 1
4 2169 1
4 2171 1
4 2175 1
4 2179 1
4 2180 1
4 2181 1
4 2182 1
4 2187 1
4 2188 1
4 2192 1
4 2193 1
4 2194 1
4 2197 1
4 2198 1
4 2200 1
4 2201 1
4 2264 1
4 2278 1
4 2279 1
4 2283 1
4 2290 1
4 2298 1
4 2299 1
4 2305 1
4 2307 1
4 2308 1
4 2309 1
4 2311 1
4 2312 1
4 2320 1
4 2324 1
4 2325 1
4 2333 1
4 2335 1
4 2336 1
4 2337 1
4 2338 1
4 2339 1
4 2342 1
4 2348 1
4 2359 1
4 2365 1
4 2367 1
4 2374 1
4 2377 1
4 2381 1
4 2384 1
4 2387 1
4 2390 1
4 2397 1
4 2402 1
4 2403 1
4 2405 1
4 2413 1
4 2414 1
4 2513 1
4 2519 1
4 2523 1
4 2525 1
4 2528 1
4 2529 1
4 2530 1
4 2532 1
4 2536 1
4 2538 1
4 2541 1
4 2542 1
4 2544 1
4 2545 1
4 2546 1
4 2547 1
4 2548 1
4 2552 1
4 2567 1
4 2568 1
4 2597 1
9 0 1
9 18 1
9 2 1
9 7 1
9 9 1
9 10 1
9 14 1
9 15 1
9 17 1
9 20 1
9 22 1
9 25 1
9 26 1
9 29 1
9 31 1
9 34 1
9 37 1
9 38 1
9 39 1
9 40 1
9 48 1
9 50 1
9 52 1
9 53 1
9 56 1
9 59 1
9 61 1
9 63 1
9 65 1
9 75 1
9 83 1
9 85 1
9 86 1
9 89 1
9 98 1
9 99 1
9 101 1
9 103 1
9 104 1
9 105 1
9 107 1
9 109 1
9 110 1
9 116 1
9 118 1
9 119 1
9 122 1
9 123 1
9 127 1
9 132 1
9 139 1
9 141 1
9 151 1
9 169 1
9 184 1
9 190 1
9 204 1
9 205 1
9 233 1
9 244 1
9 253 1
9 303 1
9 308 1
9 319 1
9 330 1
9 332 1
9 334 1
9 336 1
9 348 1
9 448 1
9 449 1
9 451 1
9 452 1
9 453 1
9 458 1
9 463 1
9 469 1
9 471 1
9 549 1
9 551 1
9 552 1
9 566 1
9 568 1
9 569 1
9 580 1
9 584 1
9 592 1
9 597 1
9 602 1
9 606 1
9 638 1
9 642 1
9 643 1
9 658 1
9 808 1
9 814 1
9 835 1
9 840 1
9 1034 1
9 1039 1
9 1045 1
9 1047 1
9 1049 1
9 1050 1
9 1051 1
9 1062 1
9 1065 1
9 1066 1
9 1070 1
9 1098 1
9 1164 1
9 1170 1
9 2001 1
9 2004 1
9 2012 1
9 2014 1
9 2016 1
9 2018 1
9 2020 1
9 2021 1
9 2025 1
9 2027 1
9 2097 1
9 2102 1
9 2103 1
9 2116 1
9 2138 1
9 2145 1
9 2148 1
9 2152 1
9 2154 1
9 2155 1
9 2158 1
9 2159 1
9 2161 1
9 2162 1
9 2163 1
9 2169 1
9 2171 1
9 2175 1
9 2179 1
9 2180 1
9 2181 1
9 2182 1
9 2187 1
9 2188 1
9 2192 1
9 2193 1
9 2194 1
9 2197 1
9 2198 1
9 2200 1
9 2201 1
9 2264 1
9 2278 1
9 2279 1
9 2283 1
9 2290 1
9 2298 1
9 2299 1
9 2305 1
9 2307 1
9 2308 1
9 2309 1
9 2311 1
9 2312 1
9 2320 1
9 2324 1
9 2325 1
9 2597 1
35 0 1
35 2 1
35 3 1
35 10 1
35 15 1
35 25 1
35 26 1
35 31 1
35 34 1
35 37 1
35 38 1
35 39 1
35 40 1
35 48 1
35 50 1
35 51 1
35 52 1
35 53 1
35 56 1
35 59 1
35 61 1
35 63 1
35 65 1
35 70 1
35 75 1
35 83 1
35 85 1
35 86 1
35 89 1
35 98 1
35 101 1
35 103 1
35 104 1
35 107 1
35 110 1
35 116 1
35 118 1
35 119 1
35 122 1
35 123 1
35 127 1
35 132 1
35 139 1
35 141 1
35 151 1
35 184 1
35 204 1
35 205 1
35 233 1
35 244 1
35 253 1
35 303 1
35 308 1
35 319 1
35 332 1
35 334 1
35 336 1
35 348 1
35 448 1
35 449 1
35 451 1
35 452 1
35 453 1
35 457 1
35 458 1
35 463 1
35 465 1
35 469 1
35 471 1
35 514 1
35 549 1
35 551 1
35 552 1
35 566 1
35 568 1
35 569 1
35 571 1
35 576 1
35 580 1
35 581 1
35 584 1
35 586 1
35 590 1
35 592 1
35 597 1
35 602 1
35 642 1
35 643 1
35 658 1
35 750 1
35 835 1
35 1034 1
35 1039 1
35 1045 1
35 1047 1
35 1049 1
35 1050 1
35 1051 1
35 1062 1
35 1065 1
35 1066 1
35 1070 1
35 1170 1
45 0 1
45 18 1
45 2 1
45 3 1
45 7 1
45 9 1
45 10 1
45 14 1
45 15 1
45 17 1
45 22 1
45 25 1
45 29 1
45 31 1
45 34 1
45 37 1
45 38 1
45 39 1
45 40 1
45 46 1
45 48 1
45 50 1
45 52 1
45 53 1
45 56 1
45 59 1
45 61 1
45 63 1
45 65 1
45 68 1
45 75 1
45 83 1
45 85 1
45 86 1
45 89 1
45 98 1
45 99 1
45 101 1
45 103 1
45 104 1
45 105 1
45 107 1
45 109 1
45 110 1
45 116 1
45 118 1
45 119 1
45 122 1
45 123 1
45 127 1
45 131 1
45 132 1
45 134 1
45 139 1
45 141 1
45 151 1
45 184 1
45 204 1
45 205 1
45 233 1
45 244 1
45 253 1
45 303 1
45 308 1
45 319 1
45 330 1
45 332 1
45 334 1
45 336 1
45 348 1
45 448 1
45 449 1
45 451 1
45 452 1
45 453 1
45 457 1
45 458 1
45 463 1
45 465 1
45 469 1
45 471 1
45 479 1
45 484 1
45 492 1
45 505 1
45 509 1
45 514 1
45 530 1
45 549 1
45 551 1
45 552 1
45 566 1
45 568 1
45 569 1
45 580 1
45 581 1
45 584 1
45 586 1
45 590 1
45 592 1
45 597 1
45 602 1
45 638 1
45 642 1
45 643 1
45 658 1
45 659 1
45 668 1
45 835 1
45 939 1
45 959 1
45 1034 1
45 1045 1
45 1047 1
45 1049 1
45 1050 1
45 1051 1
45 1062 1
45 1065 1
45 1066 1
45 1070 1
45 1098 1
45 1164 1
45 2001 1
45 2004 1
45 2012 1
45 2014 1
45 2016 1
45 2018 1
45 2020 1
45 2021 1
45 2025 1
45 2027 1
45 2095 1
45 2096 1
45 2097 1
45 2102 1
45 2103 1
45 2116 1
45 2138 1
45 2145 1
45 2148 1
45 2152 1
45 2154 1
45 2155 1
45 2156 1
45 2158 1
45 2159 1
45 2161 1
45 2162 1
45 2163 1
45 2169 1
45 2171 1
45 2175 1
45 2179 1
45 2180 1
45 2181 1
45 2182 1
45 2513 1
45 2519 1
45 2523 1
45 2525 1
45 2528 1
45 2529 1
45 2530 1
45 2532 1
45 2536 1
45 2538 1
45 2541 1
45 2542 1
45 2544 1
45 2545 1
45 2546 1
45 2547 1
45 2548 1
45 2552 1
45 2567 1
45 2568 1
45 2597 1
65 0 1
65 18 1
65 2 1
65 3 1
65 7 1
65 9 1
65 10 1
65 14 1
65 15 1
65 17 1
65 22 1
65 25 1
65 26 1
65 29 1
65 31 1
65 34 1
65 37 1
65 39 1
65 40 1
65 46 1
65 48 1
65 50 1
65 52 1
65 53 1
65 56 1
65 59 1
65 61 1
65 63 1
65 65 1
65 75 1
65 83 1
65 85 1
65 86 1
65 89 1
65 98 1
65 99 1
65 101 1
65 103 1
65 104 1
65 105 1
65 107 1
65 109 1
65 110 1
65 116 1
65 118 1
65 119 1
65 122 1
65 123 1
65 127 1
65 131 1
65 132 1
65 134 1
65 139 1
65 141 1
65 151 1
65 184 1
65 204 1
65 205 1
65 233 1
65 244 1
65 253 1
65 303 1
65 308 1
65 319 1
65 330 1
65 332 1
65 334 1
65 336 1
65 348 1
65 448 1
65 449 1
65 451 1
65 452 1
65 453 1
65 457 1
65 458 1
65 463 1
65 465 1
65 469 1
65 471 1
65 479 1
65 484 1
65 492 1
65 505 1
65 509 1
65 514 1
65 530 1
65 549 1
65 551 1
65 552 1
65 566 1
65 568 1
65 569 1
65 580 1
65 581 1
65 584 1
65 586 1
65 590 1
65 592 1
65 597 1
65 602 1
65 638 1
65 642 1
65 643 1
65 658 1
65 659 1
65 808 1
65 814 1
65 835 1
65 939 1
65 959 1
65 1034 1
65 1045 1
65 1047 1
65 1049 1
65 1050 1
65 1051 1
65 1062 1
65 1065 1
65 1066 1
65 1070 1
65 1098 1
65 1112 1
65 1164 1
65 2001 1
65 2004 1
65 2012 1
65 2014 1
65 2016 1
65 2018 1
65 2020 1
65 2021 1
65 2025 1
65 2027 1
65 2095 1
65 2096 1
65 2097 1
65 2102 1
65 2103 1
65 2116 1
65 2138 1
65 2145 1
65 2148 1
65 2152 1
65 2154 1
65 2155 1
65 2156 1
65 2158 1
65 2159 1
65 2161 1
65 2162 1
65 2163 1
65 2169 1
65 2171 1
65 2175 1
65 2179 1
65 2180 1
65 2181 1
65 2182 1
65 2513 1
65 2519 1
65 2523 1
65 2525 1
65 2528 1
65 2529 1
65 2530 1
65 2532 1
65 2536 1
65 2538 1
65 2541 1
65 2542 1
65 2544 1
65 2545 1
65 2546 1
65 2547 1
65 2548 1
65 2552 1
65 2567 1
65 2568 1
65 2597 1
69 0 1
69 2 1
69 3 1
69 10 1
69 14 1
69 15 1
69 25 1
69 26 1
69 31 1
69 34 1
69 39 1
69 48 1
69 50 1
69 51 1
69 52 1
69 53 1
69 56 1
69 59 1
69 61 1
69 63 1
69 65 1
69 70 1
69 75 1
69 83 1
69 85 1
69 86 1
69 89 1
69 98 1
69 101 1
69 103 1
69 104 1
69 107 1
69 110 1
69 116 1
69 118 1
69 119 1
69 122 1
69 123 1
69 127 1
69 132 1
69 139 1
69 141 1
69 151 1
69 184 1
69 204 1
69 205 1
69 233 1
69 244 1
69 253 1
69 303 1
69 308 1
69 319 1
69 332 1
69 334 1
69 336 1
69 348 1
69 448 1
69 449 1
69 451 1
69 452 1
69 453 1
69 457 1
69 458 1
69 463 1
69 465 1
69 469 1
69 471 1
69 514 1
69 549 1
69 551 1
69 552 1
69 566 1
69 568 1
69 569 1
69 571 1
69 576 1
69 580 1
69 581 1
69 584 1
69 586 1
69 590 1
69 592 1
69 597 1
69 602 1
69 642 1
69 643 1
69 658 1
69 750 1
69 835 1
69 1034 1
69 1039 1
69 1045 1
69 1047 1
69 1049 1
69 1050 1
69 1051 1
69 1062 1
69 1065 1
69 1066 1
69 1070 1
69 1170 1
75 7 1
75 19 1
75 1529 1
75 1536 1
75 1538 1
75 1539 1
75 1541 1
75 1547 1
75 1548 1
75 1821 1
75 4422 1
75 4423 1
75 4424 1
75 4425 1
75 4426 1
75 4427 1
75 4428 1
75 4432 1
75 4433 1
75 4438 1
75 4440 1
75 4441 1
75 4533 1
79 0 1
79 7 1
79 2 1
79 3 1
79 10 1
79 14 1
79 15 1
79 25 1
79 26 1
79 31 1
79 34 1
79 37 1
79 38 1
79 39 1
79 40 1
79 48 1
79 50 1
79 51 1
79 52 1
79 53 1
79 56 1
79 59 1
79 61 1
79 63 1
79 65 1
79 75 1
79 83 1
79 85 1
79 86 1
79 89 1
79 99 1
79 101 1
79 102 1
79 103 1
79 104 1
79 105 1
79 107 1
79 109 1
79 110 1
79 116 1
79 118 1
79 119 1
79 122 1
79 123 1
79 127 1
79 131 1
79 132 1
79 134 1
79 139 1
79 141 1
79 151 1
79 169 1
79 184 1
79 204 1
79 205 1
79 244 1
79 253 1
79 303 1
79 308 1
79 319 1
79 330 1
79 332 1
79 334 1
79 336 1
79 348 1
79 448 1
79 449 1
79 451 1
79 453 1
79 458 1
79 463 1
79 469 1
79 471 1
79 514 1
79 549 1
79 551 1
79 552 1
79 566 1
79 568 1
79 569 1
79 576 1
79 580 1
79 581 1
79 584 1
79 586 1
79 592 1
79 597 1
79 602 1
79 642 1
79 643 1
79 658 1
79 835 1
79 959 1
79 1034 1
79 1039 1
79 1045 1
79 1047 1
79 1049 1
79 1050 1
79 1051 1
79 1062 1
79 1065 1
79 1066 1
79 1070 1
79 1098 1
79 1164 1
79 1170 1
79 1536 1
79 1538 1
79 1539 1
79 1541 1
79 1547 1
79 1548 1
79 1611 1
79 1613 1
79 1820 1
79 1821 1
79 1825 1
79 1837 1
79 1866 1
79 1868 1
79 1869 1
79 1870 1
87 0 1
87 13 1
87 2 1
87 3 1
87 7 1
87 10 1
87 14 1
87 15 1
87 20 1
87 25 1
87 26 1
87 31 1
87 34 1
87 37 1
87 38 1
87 39 1
87 40 1
87 45 1
87 48 1
87 50 1
87 51 1
87 52 1
87 56 1
87 59 1
87 61 1
87 62 1
87 63 1
87 65 1
87 66 1
87 69 1
87 70 1
87 74 1
87 75 1
87 79 1
87 83 1
87 85 1
87 86 1
87 89 1
87 91 1
87 98 1
87 99 1
87 101 1
87 102 1
87 103 1
87 104 1
87 105 1
87 106 1
87 107 1
87 109 1
87 110 1
87 112 1
87 114 1
87 115 1
87 116 1
87 117 1
87 118 1
87 119 1
87 120 1
87 121 1
87 122 1
87 123 1
87 125 1
87 127 1
87 129 1
87 130 1
87 131 1
87 132 1
87 133 1
87 134 1
87 139 1
87 140 1
87 141 1
87 142 1
87 143 1
87 144 1
87 145 1
87 146 1
87 147 1
87 151 1
87 155 1
87 156 1
87 158 1
87 159 1
87 163 1
87 164 1
87 166 1
87 169 1
87 176 1
87 178 1
87 180 1
87 184 1
87 204 1
87 205 1
87 244 1
87 253 1
87 263 1
87 272 1
87 280 1
87 294 1
87 302 1
87 303 1
87 308 1
87 315 1
87 319 1
87 320 1
87 321 1
87 322 1
87 323 1
87 325 1
87 327 1
87 330 1
87 332 1
87 334 1
87 336 1
87 340 1
87 348 1
87 393 1
87 395 1
87 404 1
87 448 1
87 449 1
87 450 1
87 451 1
87 452 1
87 453 1
87 454 1
87 458 1
87 463 1
87 469 1
87 471 1
87 514 1
87 547 1
87 549 1
87 551 1
87 552 1
87 566 1
87 568 1
87 569 1
87 584 1
87 586 1
87 590 1
87 592 1
87 597 1
87 602 1
87 638 1
87 642 1
87 643 1
87 658 1
87 659 1
87 750 1
87 835 1
87 840 1
87 959 1
87 1034 1
87 1035 1
87 1036 1
87 1037 1
87 1038 1
87 1039 1
87 1041 1
87 1042 1
87 1043 1
87 1045 1
87 1047 1
87 1049 1
87 1050 1
87 1051 1
87 1056 1
87 1057 1
87 1061 1
87 1062 1
87 1063 1
87 1065 1
87 1066 1
87 1067 1
87 1068 1
87 1070 1
87 1073 1
87 1074 1
87 1078 1
87 1086 1
87 1088 1
87 1098 1
87 1108 1
87 1112 1
87 1118 1
87 1121 1
87 1164 1
87 1176 1
87 1188 1
87 1189 1
87 1198 1
87 1199 1
95 0 1
95 7 1
95 2 1
95 3 1
95 10 1
95 14 1
95 15 1
95 20 1
95 25 1
95 26 1
95 31 1
95 34 1
95 37 1
95 38 1
95 39 1
95 40 1
95 46 1
95 48 1
95 50 1
95 52 1
95 53 1
95 56 1
95 61 1
95 63 1
95 65 1
95 68 1
95 75 1
95 81 1
95 83 1
95 85 1
95 86 1
95 89 1
95 98 1
95 99 1
95 101 1
95 103 1
95 104 1
95 105 1
95 107 1
95 109 1
95 110 1
95 116 1
95 118 1
95 119 1
95 122 1
95 123 1
95 127 1
95 131 1
95 132 1
95 134 1
95 139 1
95 141 1
95 151 1
95 169 1
95 184 1
95 204 1
95 205 1
95 233 1
95 244 1
95 253 1
95 303 1
95 308 1
95 319 1
95 330 1
95 332 1
95 334 1
95 336 1
95 348 1
95 448 1
95 449 1
95 451 1
95 452 1
95 453 1
95 458 1
95 463 1
95 469 1
95 471 1
95 514 1
95 549 1
95 551 1
95 552 1
95 566 1
95 568 1
95 569 1
95 576 1
95 580 1
95 581 1
95 584 1
95 586 1
95 590 1
95 592 1
95 597 1
95 602 1
95 638 1
95 642 1
95 643 1
95 658 1
95 659 1
95 835 1
95 939 1
95 959 1
95 1034 1
95 1045 1
95 1047 1
95 1049 1
95 1050 1
95 1051 1
95 1062 1
95 1065 1
95 1066 1
95 1070 1
95 1098 1
95 1112 1
95 1164 1
95 1536 1
95 1538 1
95 1539 1
95 1541 1
95 1547 1
95 1548 1
95 1588 1
95 1607 1
95 1611 1
95 1613 1
95 1634 1
95 1677 1
95 1683 1
95 1685 1
95 1686 1
95 1693 1
95 1820 1
95 1821 1
95 1825 1
95 1837 1
95 1866 1
95 1868 1
95 1869 1
95 1870 1
98 0 1
98 7 1
98 9 1
98 16 1
98 18 1
98 2 1
98 3 1
98 8 1
98 10 1
98 11 1
98 14 1
98 15 1
98 17 1
98 19 1
98 20 1
98 22 1
98 25 1
98 26 1
98 29 1
98 31 1
98 34 1
98 38 1
98 39 1
98 40 1
98 46 1
98 48 1
98 50 1
98 53 1
98 56 1
98 59 1
98 61 1
98 63 1
98 68 1
98 75 1
98 80 1
98 81 1
98 83 1
98 85 1
98 86 1
98 89 1
98 99 1
98 101 1
98 102 1
98 105 1
98 107 1
98 109 1
98 110 1
98 113 1
98 116 1
98 118 1
98 123 1
98 127 1
98 131 1
98 134 1
98 137 1
98 141 1
98 151 1
98 169 1
98 182 1
98 184 1
98 190 1
98 204 1
98 205 1
98 233 1
98 244 1
98 253 1
98 303 1
98 308 1
98 319 1
98 328 1
98 330 1
98 332 1
98 334 1
98 336 1
98 348 1
98 351 1
98 439 1
98 448 1
98 449 1
98 451 1
98 452 1
98 453 1
98 457 1
98 458 1
98 463 1
98 465 1
98 469 1
98 471 1
98 479 1
98 484 1
98 492 1
98 505 1
98 509 1
98 514 1
98 549 1
98 551 1
98 552 1
98 566 1
98 568 1
98 569 1
98 580 1
98 581 1
98 584 1
98 586 1
98 590 1
98 592 1
98 597 1
98 602 1
98 624 1
98 642 1
98 643 1
98 658 1
98 750 1
98 808 1
98 814 1
98 835 1
98 939 1
98 959 1
98 1015 1
98 1034 1
98 1039 1
98 1045 1
98 1047 1
98 1049 1
98 1050 1
98 1051 1
98 1062 1
98 1065 1
98 1066 1
98 1070 1
98 1078 1
98 1088 1
98 1098 1
98 1112 1
98 1164 1
98 1170 1
98 1176 1
98 1279 1
98 1527 1
98 1528 1
98 1529 1
98 1530 1
98 1531 1
98 1536 1
98 1539 1
98 1540 1
98 1541 1
98 1543 1
98 1548 1
98 1551 1
98 1556 1
98 1573 1
98 1588 1
98 1607 1
98 1611 1
98 1613 1
98 1685 1
98 1687 1
98 1688 1
98 1690 1
98 1691 1
98 1692 1
98 1693 1
98 1694 1
98 1697 1
98 1698 1
98 1699 1
98 1700 1
98 1702 1
98 1705 1
98 1709 1
98 1710 1
98 1711 1
98 1712 1
98 1713 1
98 1714 1
98 1718 1
98 1820 1
98 1821 1
98 1825 1
98 1837 1
98 1868 1
98 1869 1
98 1870 1
98 1875 1
98 1876 1
98 1904 1
98 1905 1
98 1929 1
98 1930 1
98 1931 1
98 1932 1
98 1933 1
98 1934 1
98 1935 1
98 2071 1
98 2075 1
98 2077 1
98 2078 1
98 2080 1
98 2088 1
98 2091 1
98 2092 1
98 2093 1
98 2094 1
98 2095 1
98 2096 1
98 2097 1
98 2102 1
98 2103 1
98 2116 1
98 2138 1
98 2145 1
98 2148 1
98 2152 1
98 2154 1
98 2155 1
98 2159 1
98 2161 1
98 2162 1
98 2163 1
98 2169 1
98 2171 1
98 2175 1
98 2179 1
98 2180 1
98 2181 1
98 2187 1
98 2188 1
98 2192 1
98 2193 1
98 2194 1
98 2197 1
98 2198 1
98 2200 1
98 2201 1
98 2264 1
98 2278 1
98 2279 1
98 2283 1
98 2290 1
98 2298 1
98 2597 1
98 2598 1
98 2599 1
98 2600 1
98 2603 1
98 2730 1
98 2731 1
98 2765 1
98 2768 1
98 2772 1
98 2888 1
98 2891 1
98 2902 1
98 2910 1
98 2921 1
98 2923 1
98 2924 1
98 2925 1
98 2927 1
98 2930 1
98 2949 1
98 2958 1
98 2968 1
98 2969 1
98 2970 1
98 2971 1
98 2976 1
98 3001 1
98 4346 1
98 4348 1
98 4360 1
98 4362 1
98 4422 1
98 4423 1
98 4424 1
98 4426 1
98 4427 1
98 4428 1
98 4431 1
98 4432 1
98 4433 1
98 4435 1
98 4437 1
98 4438 1
98 4440 1
98 4445 1
98 4447 1
98 4533 1
107 6 1
107 13 1
107 23 1
107 45 1
107 62 1
107 66 1
107 69 1
107 72 1
107 74 1
107 79 1
107 88 1
107 91 1
107 93 1
107 97 1
107 106 1
107 111 1
107 112 1
107 114 1
107 115 1
107 117 1
107 120 1
107 121 1
107 125 1
107 129 1
107 130 1
107 133 1
107 142 1
107 143 1
107 144 1
107 145 1
107 146 1
107 147 1
107 148 1
107 150 1
107 153 1
107 155 1
107 158 1
107 159 1
107 160 1
107 161 1
107 174 1
107 202 1
107 231 1
107 234 1
107 235 1
107 236 1
107 237 1
107 239 1
107 240 1
107 241 1
107 247 1
107 257 1
107 263 1
107 265 1
107 269 1
107 271 1
107 273 1
107 278 1
107 280 1
107 282 1
107 287 1
107 299 1
107 305 1
107 307 1
107 309 1
107 310 1
107 315 1
107 316 1
107 318 1
107 321 1
107 323 1
107 326 1
107 327 1
107 335 1
107 340 1
107 391 1
107 392 1
107 393 1
107 394 1
107 395 1
107 397 1
107 398 1
107 400 1
107 401 1
107 402 1
107 404 1
107 414 1
107 417 1
107 418 1
107 419 1
107 431 1
107 432 1
107 433 1
107 434 1
107 435 1
107 436 1
107 450 1
107 454 1
107 459 1
107 462 1
107 464 1
107 468 1
107 504 1
107 515 1
107 547 1
107 554 1
107 555 1
107 556 1
107 557 1
107 558 1
107 559 1
107 561 1
107 563 1
107 564 1
107 570 1
107 572 1
107 573 1
107 574 1
107 1035 1
107 1036 1
107 1037 1
107 1038 1
107 1041 1
107 1042 1
107 1043 1
107 1056 1
107 1057 1
107 1059 1
107 1061 1
107 1063 1
107 1067 1
107 1069 1
107 1073 1
107 1074 1
107 1108 1
107 1189 1
114 0 1
114 11 1
114 2 1
114 3 1
114 7 1
114 10 1
114 14 1
114 15 1
114 25 1
114 26 1
114 31 1
114 34 1
114 37 1
114 38 1
114 39 1
114 40 1
114 46 1
114 48 1
114 50 1
114 52 1
114 53 1
114 56 1
114 59 1
114 61 1
114 63 1
114 65 1
114 68 1
114 75 1
114 80 1
114 81 1
114 83 1
114 85 1
114 86 1
114 89 1
114 98 1
114 99 1
114 101 1
114 103 1
114 104 1
114 105 1
114 107 1
114 109 1
114 110 1
114 116 1
114 118 1
114 119 1
114 122 1
114 123 1
114 127 1
114 131 1
114 132 1
114 134 1
114 139 1
114 141 1
114 151 1
114 169 1
114 184 1
114 204 1
114 205 1
114 233 1
114 244 1
114 253 1
114 303 1
114 308 1
114 319 1
114 328 1
114 330 1
114 332 1
114 334 1
114 336 1
114 348 1
114 351 1
114 439 1
114 448 1
114 449 1
114 451 1
114 452 1
114 453 1
114 457 1
114 458 1
114 463 1
114 465 1
114 469 1
114 471 1
114 514 1
114 549 1
114 551 1
114 552 1
114 566 1
114 568 1
114 569 1
114 571 1
114 576 1
114 580 1
114 581 1
114 584 1
114 586 1
114 590 1
114 592 1
114 597 1
114 602 1
114 638 1
114 642 1
114 643 1
114 658 1
114 659 1
114 835 1
114 959 1
114 1034 1
114 1045 1
114 1047 1
114 1049 1
114 1050 1
114 1051 1
114 1062 1
114 1065 1
114 1066 1
114 1070 1
114 1112 1
114 1164 1
125 0 1
125 7 1
125 2 1
125 3 1
125 10 1
125 14 1
125 15 1
125 25 1
125 26 1
125 31 1
125 34 1
125 37 1
125 38 1
125 39 1
125 40 1
125 46 1
125 48 1
125 50 1
125 52 1
125 53 1
125 56 1
125 59 1
125 61 1
125 63 1
125 65 1
125 68 1
125 75 1
125 81 1
125 83 1
125 85 1
125 86 1
125 89 1
125 98 1
125 99 1
125 102 1
125 103 1
125 104 1
125 105 1
125 107 1
125 109 1
125 110 1
125 116 1
125 118 1
125 119 1
125 122 1
125 123 1
125 127 1
125 131 1
125 132 1
125 134 1
125 139 1
125 141 1
125 151 1
125 169 1
125 184 1
125 204 1
125 205 1
125 233 1
125 244 1
125 253 1
125 303 1
125 308 1
125 319 1
125 330 1
125 332 1
125 334 1
125 336 1
125 348 1
125 448 1
125 449 1
125 451 1
125 452 1
125 453 1
125 458 1
125 463 1
125 469 1
125 471 1
125 514 1
125 549 1
125 551 1
125 552 1
125 566 1
125 568 1
125 569 1
125 576 1
125 580 1
125 581 1
125 584 1
125 586 1
125 590 1
125 592 1
125 597 1
125 602 1
125 638 1
125 642 1
125 643 1
125 658 1
125 659 1
125 668 1
125 835 1
125 939 1
125 959 1
125 1034 1
125 1045 1
125 1047 1
125 1049 1
125 1050 1
125 1051 1
125 1062 1
125 1065 1
125 1066 1
125 1070 1
125 1098 1
125 1112 1
125 1164 1
125 1536 1
125 1538 1
125 1539 1
125 1541 1
125 1548 1
125 1588 1
125 1607 1
125 1611 1
125 1613 1
125 1677 1
125 1681 1
125 1682 1
125 1683 1
125 1684 1
125 1685 1
125 1686 1
125 1687 1
125 1688 1
125 1689 1
125 1693 1
125 1694 1
125 1737 1
125 1742 1
125 1751 1
125 1757 1
125 1770 1
125 1791 1
125 1792 1
125 1796 1
125 4422 1
125 4423 1
125 4424 1
125 4425 1
125 4426 1
125 4427 1
125 4428 1
125 4432 1
125 4433 1
125 4438 1
125 4440 1
125 4441 1
125 4447 1
125 4533 1
125 4542 1
134 7 1
134 13 1
134 23 1
134 45 1
134 62 1
134 66 1
134 69 1
134 74 1
134 79 1
134 88 1
134 91 1
134 93 1
134 97 1
134 106 1
134 111 1
134 112 1
134 114 1
134 115 1
134 117 1
134 125 1
134 130 1
134 133 1
134 140 1
134 142 1
134 143 1
134 144 1
134 146 1
134 155 1
134 159 1
134 163 1
134 164 1
134 166 1
134 167 1
134 178 1
134 187 1
134 195 1
134 208 1
134 209 1
134 212 1
134 231 1
134 235 1
134 239 1
134 241 1
134 263 1
134 272 1
134 280 1
134 315 1
134 321 1
134 322 1
134 323 1
134 327 1
134 340 1
134 393 1
134 395 1
134 404 1
134 450 1
134 454 1
134 459 1
134 462 1
134 464 1
134 502 1
134 520 1
134 526 1
134 547 1
134 557 1
134 575 1
134 577 1
134 583 1
134 591 1
134 595 1
134 596 1
134 600 1
134 604 1
134 625 1
134 633 1
134 640 1
134 641 1
134 648 1
134 657 1
134 660 1
134 667 1
134 677 1
134 836 1
134 876 1
134 1038 1
134 1041 1
134 1042 1
134 1043 1
134 1052 1
134 1056 1
134 1057 1
134 1059 1
134 1061 1
134 1063 1
134 1067 1
134 1069 1
134 1073 1
134 1074 1
134 1082 1
134 1086 1
134 1096 1
134 1108 1
134 1118 1
134 1121 1
134 1171 1
134 1189 1
144 7 1
144 19 1
144 1693 1
144 1694 1
144 1742 1
144 1757 1
144 1796 1
144 1804 1
144 1809 1
144 1810 1
144 1813 1
144 1820 1
144 1821 1
144 1825 1
144 4422 1
144 4423 1
144 4424 1
144 4425 1
144 4426 1
144 4427 1
144 4428 1
144 4432 1
144 4433 1
144 4438 1
144 4440 1
144 4441 1
144 4533 1
148 7 1
148 18 1
148 1820 1
148 1821 1
148 1837 1
148 2010 1
148 2011 1
148 2012 1
148 2014 1
148 2022 1
148 2030 1
148 2032 1
148 2041 1
148 2057 1
148 2060 1
148 2067 1
148 2068 1
148 2071 1
148 2075 1
148 2077 1
148 2078 1
148 2080 1
148 2088 1
148 2091 1
148 2093 1
148 2094 1
148 2095 1
148 2096 1
148 2097 1
148 2102 1
148 2103 1
148 2116 1
148 2138 1
148 2145 1
148 2148 1
148 2152 1
148 2154 1
148 2155 1
148 2159 1
148 2161 1
148 2162 1
148 2163 1
148 2169 1
148 2171 1
148 2175 1
148 2179 1
148 2180 1
148 2181 1
148 2182 1
148 2187 1
148 2188 1
148 2192 1
148 2193 1
148 2194 1
148 2197 1
148 2198 1
148 2200 1
148 2201 1
148 2264 1
148 2278 1
148 2279 1
148 2283 1
148 2287 1
148 2290 1
148 2297 1
148 2298 1
148 2305 1
148 2309 1
148 2312 1
148 2323 1
148 2324 1
148 2325 1
148 2331 1
148 2335 1
148 2337 1
148 2338 1
148 2342 1
148 2347 1
148 2348 1
148 2359 1
148 2365 1
148 2374 1
148 2377 1
148 2381 1
148 2384 1
148 2390 1
148 2397 1
148 2401 1
148 2405 1
148 2414 1
148 2415 1
148 2417 1
148 2418 1
148 2420 1
148 2422 1
148 2425 1
148 2432 1
148 2444 1
148 2454 1
148 2458 1
148 2471 1
148 2482 1
148 2484 1
148 2486 1
148 2488 1
148 2491 1
148 2495 1
148 2497 1
148 2508 1
148 2509 1
148 2513 1
148 2519 1
148 2523 1
148 2525 1
148 2528 1
148 2529 1
148 2530 1
148 2532 1
148 2536 1
148 2538 1
148 2541 1
148 2542 1
148 2544 1
148 2545 1
148 2546 1
148 2547 1
148 2552 1
148 2568 1
148 2597 1
148 2598 1
148 2599 1
150 7 1
150 1458 1
150 1465 1
150 1820 1
150 1821 1
150 1825 1
150 1837 1
150 1866 1
150 1868 1
150 4420 1
150 4421 1
150 4422 1
150 4423 1
150 4424 1
150 4426 1
150 4427 1
150 4428 1
150 4431 1
150 4432 1
150 4433 1
150 4435 1
150 4437 1
150 4438 1
150 4440 1
150 4441 1
150 4447 1
150 4465 1
150 4533 1
150 4542 1
151 7 1
151 8 1
151 1820 1
151 1821 1
151 1837 1
151 2892 1
151 2893 1
151 2894 1
151 2897 1
151 2898 1
151 3057 1
151 3062 1
151 3077 1
151 3084 1
151 3086 1
151 3094 1
151 3131 1
151 3194 1
151 3200 1
151 3202 1
151 3203 1
151 3209 1
151 3221 1
151 3222 1
151 3533 1
151 3615 1
151 3620 1
151 3633 1
151 3674 1
151 4420 1
151 4421 1
151 4422 1
151 4423 1
153 7 1
153 1671 1
153 1677 1
153 1681 1
153 1682 1
153 1683 1
153 1685 1
153 1686 1
153 1687 1
153 1688 1
153 1689 1
153 1693 1
153 1694 1
153 1737 1
153 1751 1
153 1770 1
153 1791 1
153 1820 1
153 1821 1
153 1825 1
153 1826 1
153 1827 1
153 1837 1
153 1861 1
153 1866 1
153 1868 1
153 4420 1
153 4421 1
153 4422 1
153 4423 1
153 4424 1
153 4425 1
153 4426 1
153 4427 1
153 4428 1
153 4431 1
153 4432 1
153 4433 1
153 4435 1
153 4437 1
153 4438 1
153 4440 1
153 4441 1
153 4447 1
153 4465 1
153 4533 1
153 4542 1
162 7 1
162 18 1
162 1370 1
162 1397 1
162 1404 1
162 1405 1
162 1415 1
162 1416 1
162 1418 1
162 1425 1
162 1430 1
162 1431 1
162 1432 1
162 1433 1
162 1439 1
162 1441 1
162 1820 1
162 1821 1
162 1837 1
162 1846 1
162 2022 1
162 2030 1
162 2032 1
162 2034 1
162 2041 1
162 2057 1
162 2060 1
162 2067 1
162 2068 1
162 2071 1
162 2075 1
162 2077 1
162 2078 1
162 2080 1
162 2088 1
162 2091 1
162 2093 1
162 2094 1
162 2095 1
162 2096 1
162 2097 1
162 2102 1
162 2103 1
162 2116 1
162 2138 1
162 2145 1
162 2148 1
162 2152 1
162 2154 1
162 2155 1
162 2159 1
162 2161 1
162 2162 1
162 2163 1
162 2169 1
162 2171 1
162 2175 1
162 2179 1
162 2180 1
162 2181 1
162 2182 1
162 2187 1
162 2188 1
162 2192 1
162 2193 1
162 2194 1
162 2197 1
162 2198 1
162 2200 1
162 2201 1
162 2264 1
162 2278 1
162 2279 1
162 2283 1
162 2287 1
162 2290 1
162 2297 1
162 2298 1
162 2305 1
162 2309 1
162 2312 1
162 2323 1
162 2324 1
162 2325 1
162 2331 1
162 2335 1
162 2337 1
162 2338 1
162 2342 1
162 2347 1
162 2348 1
162 2359 1
162 2365 1
162 2374 1
162 2377 1
162 2381 1
162 2384 1
162 2390 1
162 2397 1
162 2401 1
162 2405 1
162 2414 1
162 2415 1
162 2417 1
162 2418 1
162 2420 1
162 2422 1
162 2425 1
162 2432 1
162 2444 1
162 2454 1
162 2458 1
162 2471 1
162 2482 1
162 2484 1
162 2486 1
162 2488 1
162 2491 1
162 2495 1
162 2513 1
162 2523 1
162 2525 1
162 2528 1
162 2529 1
162 2530 1
162 2532 1
162 2538 1
162 2541 1
162 2542 1
162 2544 1
162 2545 1
162 2546 1
162 2547 1
162 2552 1
162 2568 1
162 2597 1
162 2598 1
162 2599 1
163 7 1
163 1820 1
163 1821 1
163 1825 1
163 1826 1
163 1827 1
163 1837 1
163 1861 1
163 1866 1
163 4420 1
163 4421 1
163 4422 1
163 4424 1
163 4425 1
163 4426 1
163 4428 1
163 4431 1
163 4435 1
163 4437 1
163 4438 1
163 4440 1
163 4465 1
163 4533 1
190 7 1
190 18 1
190 1370 1
190 1397 1
190 1404 1
190 1405 1
190 1415 1
190 1416 1
190 1418 1
190 1425 1
190 1430 1
190 1431 1
190 1432 1
190 1433 1
190 1439 1
190 1441 1
190 1820 1
190 1821 1
190 1837 1
190 1846 1
190 1995 1
190 1997 1
190 1998 1
190 2000 1
190 2001 1
190 2003 1
190 2004 1
190 2009 1
190 2010 1
190 2011 1
190 2012 1
190 2013 1
190 2014 1
190 2022 1
190 2030 1
190 2032 1
190 2034 1
190 2041 1
190 2057 1
190 2060 1
190 2067 1
190 2068 1
190 2071 1
190 2075 1
190 2077 1
190 2078 1
190 2080 1
190 2088 1
190 2091 1
190 2093 1
190 2094 1
190 2095 1
190 2096 1
190 2097 1
190 2102 1
190 2103 1
190 2116 1
190 2138 1
190 2145 1
190 2148 1
190 2152 1
190 2154 1
190 2155 1
190 2159 1
190 2161 1
190 2162 1
190 2163 1
190 2169 1
190 2171 1
190 2175 1
190 2179 1
190 2180 1
190 2181 1
190 2182 1
190 2187 1
190 2188 1
190 2192 1
190 2193 1
190 2194 1
190 2197 1
190 2198 1
190 2200 1
190 2201 1
190 2264 1
190 2278 1
190 2279 1
190 2283 1
190 2287 1
190 2290 1
190 2297 1
190 2298 1
190 2305 1
190 2309 1
190 2312 1
190 2323 1
190 2324 1
190 2325 1
190 2331 1
190 2335 1
190 2337 1
190 2338 1
190 2342 1
190 2347 1
190 2348 1
190 2359 1
190 2365 1
190 2374 1
190 2377 1
190 2381 1
190 2384 1
190 2390 1
190 2397 1
190 2401 1
190 2405 1
190 2414 1
190 2415 1
190 2417 1
190 2418 1
190 2420 1
190 2422 1
190 2425 1
190 2432 1
190 2444 1
190 2454 1
190 2458 1
190 2471 1
190 2482 1
190 2484 1
190 2486 1
190 2488 1
190 2491 1
190 2495 1
190 2497 1
190 2508 1
190 2509 1
190 2513 1
190 2519 1
190 2523 1
190 2525 1
190 2528 1
190 2529 1
190 2530 1
190 2532 1
190 2536 1
190 2538 1
190 2541 1
190 2542 1
190 2544 1
190 2545 1
190 2546 1
190 2547 1
190 2552 1
190 2568 1
190 2597 1
190 2598 1
190 2599 1
194 7 1
194 1820 1
194 1821 1
194 1837 1
194 4420 1
194 4421 1
194 4422 1
194 4423 1
194 4424 1
194 4425 1
194 4426 1
194 4427 1
194 4428 1
194 4431 1
194 4432 1
194 4433 1
194 4435 1
194 4437 1
194 4438 1
194 4440 1
194 4441 1
194 4447 1
194 4465 1
194 4533 1
194 4542 1
219 7 1
219 1458 1
219 1671 1
219 1677 1
219 1681 1
219 1682 1
219 1683 1
219 1684 1
219 1685 1
219 1686 1
219 1687 1
219 1688 1
219 1689 1
219 1693 1
219 1694 1
219 1737 1
219 1751 1
219 1770 1
219 1791 1
219 1820 1
219 1821 1
219 1825 1
219 1826 1
219 1827 1
219 1837 1
219 1861 1
219 1866 1
219 4420 1
219 4421 1
219 4422 1
219 4424 1
219 4425 1
219 4426 1
219 4428 1
219 4431 1
219 4435 1
219 4437 1
219 4438 1
219 4440 1
219 4465 1
219 4533 1
267 7 1
267 4420 1
267 4421 1
267 4422 1
267 4423 1
267 4424 1
267 4425 1
267 4426 1
267 4427 1
267 4428 1
267 4431 1
267 4432 1
267 4433 1
267 4435 1
267 4437 1
267 4438 1
267 4440 1
267 4441 1
267 4447 1
267 4465 1
267 4533 1
267 4542 1
298 7 1
298 1791 1
298 1796 1
298 1809 1
298 1810 1
298 1813 1
298 1820 1
298 1821 1
298 1825 1
298 1837 1
298 4420 1
298 4421 1
298 4424 1
298 4437 1
298 4438 1
298 4533 1
343 7 1
343 1791 1
343 1796 1
343 1810 1
343 1813 1
343 1821 1
343 1822 1
343 1825 1
343 1826 1
343 1827 1
343 1828 1
343 1830 1
343 1831 1
343 1832 1
343 1833 1
343 1836 1
343 1837 1
343 1847 1
343 1861 1
343 4420 1
343 4421 1
343 4422 1
343 4424 1
343 4425 1
343 4426 1
343 4428 1
343 4431 1
343 4435 1
343 4437 1
343 4438 1
343 4440 1
343 4465 1
343 4533 1
353 7 1
353 18 1
353 1791 1
353 1792 1
353 1796 1
353 1803 1
353 1804 1
353 1806 1
353 1809 1
353 1810 1
353 1813 1
353 1820 1
353 1822 1
353 1825 1
353 1826 1
353 1827 1
353 1828 1
353 1830 1
353 1831 1
353 1832 1
353 1833 1
353 1836 1
353 1837 1
353 1838 1
353 1846 1
353 1847 1
353 1861 1
353 2010 1
353 2022 1
353 2030 1
353 2032 1
353 2034 1
353 2041 1
353 2057 1
353 2060 1
353 2067 1
353 2068 1
353 2071 1
353 2075 1
353 2077 1
353 2078 1
353 2080 1
353 2088 1
353 2091 1
353 2093 1
353 2094 1
353 2095 1
353 2096 1
353 2097 1
353 2102 1
353 2103 1
353 2116 1
353 2138 1
353 2145 1
353 2148 1
353 2152 1
353 2154 1
353 2155 1
353 2159 1
353 2381 1
353 2384 1
353 2401 1
353 2405 1
353 2414 1
353 2417 1
353 2418 1
353 2420 1
353 2422 1
353 2425 1
353 2444 1
353 2454 1
353 2458 1
353 2471 1
353 2482 1
353 2484 1
353 2486 1
353 2488 1
353 2491 1
353 2495 1
353 2497 1
353 2508 1
353 2509 1
353 2513 1
353 2519 1
353 2523 1
353 2525 1
353 2528 1
353 2529 1
353 2530 1
353 2532 1
353 2536 1
353 2538 1
353 2541 1
353 2542 1
353 2544 1
353 2545 1
353 2546 1
353 2547 1
353 2548 1
353 2552 1
353 2567 1
353 2568 1
353 2597 1
353 2598 1
353 2599 1
353 2600 1
353 4428 1
353 4431 1
353 4432 1
353 4433 1
353 4435 1
353 4438 1
353 4440 1
353 4441 1
353 4447 1
353 4465 1
353 4533 1
353 4542 1
365 7 1
365 18 1
365 1791 1
365 1796 1
365 1809 1
365 1810 1
365 1813 1
365 1820 1
365 1821 1
365 1837 1
365 2022 1
365 2030 1
365 2032 1
365 2034 1
365 2041 1
365 2057 1
365 2060 1
365 2067 1
365 2068 1
365 2071 1
365 2075 1
365 2077 1
365 2078 1
365 2080 1
365 2088 1
365 2091 1
365 2093 1
365 2094 1
365 2095 1
365 2096 1
365 2102 1
365 2103 1
365 2116 1
365 2138 1
365 2145 1
365 2148 1
365 2152 1
365 2154 1
365 2155 1
365 2159 1
365 2381 1
365 2384 1
365 2401 1
365 2405 1
365 2414 1
365 2417 1
365 2418 1
365 2420 1
365 2422 1
365 2425 1
365 2444 1
365 2454 1
365 2471 1
365 2482 1
365 2484 1
365 2486 1
365 2488 1
365 2495 1
365 2497 1
365 2508 1
365 2509 1
365 2513 1
365 2519 1
365 2523 1
365 2525 1
365 2528 1
365 2529 1
365 2530 1
365 2532 1
365 2536 1
365 2538 1
365 2541 1
365 2542 1
365 2544 1
365 2545 1
365 2546 1
365 2547 1
365 2548 1
365 2552 1
365 2567 1
365 2568 1
365 2597 1
365 2598 1
365 2599 1
365 2600 1
365 4428 1
365 4431 1
365 4432 1
365 4433 1
365 4435 1
365 4438 1
365 4440 1
365 4441 1
365 4447 1
365 4465 1
365 4533 1
365 4542 1
394 7 1
394 9 1
394 1229 1
394 1261 1
394 1276 1
394 1279 1
394 1313 1
394 1321 1
394 1322 1
394 1677 1
394 1791 1
394 1796 1
394 1810 1
394 1813 1
394 1820 1
394 1821 1
394 1825 1
394 1837 1
394 2888 1
394 2891 1
394 2902 1
394 2910 1
394 2917 1
394 2918 1
394 2921 1
394 2922 1
394 2924 1
394 2925 1
394 2927 1
394 2930 1
394 2949 1
394 2952 1
394 2958 1
394 2968 1
394 2969 1
394 2970 1
394 2976 1
394 3001 1
394 3022 1
394 3032 1
394 3035 1
394 3675 1
394 3689 1
394 3722 1
394 3784 1
394 3785 1
394 3815 1
394 3890 1
394 3920 1
394 3978 1
394 3983 1
394 3986 1
394 3987 1
394 4166 1
394 4172 1
394 4173 1
394 4180 1
394 4184 1
394 4422 1
394 4423 1
394 4424 1
394 4425 1
394 4426 1
394 4427 1
394 4428 1
394 4432 1
394 4433 1
394 4438 1
394 4440 1
394 4533 1
394 4542 1
405 7 1
405 9 1
405 1229 1
405 1260 1
405 1261 1
405 1271 1
405 1275 1
405 1276 1
405 1278 1
405 1279 1
405 1281 1
405 1304 1
405 1313 1
405 1321 1
405 1322 1
405 1324 1
405 1326 1
405 1677 1
405 1791 1
405 1796 1
405 1810 1
405 1813 1
405 1820 1
405 1821 1
405 1825 1
405 1837 1
405 2888 1
405 2891 1
405 2902 1
405 2910 1
405 2917 1
405 2918 1
405 2968 1
405 2969 1
405 2970 1
405 2976 1
405 3001 1
405 3022 1
405 3032 1
405 3035 1
405 3093 1
405 3097 1
405 3129 1
405 3136 1
405 3144 1
405 3153 1
405 3441 1
405 3554 1
405 3675 1
405 3689 1
405 3722 1
405 3785 1
405 3815 1
405 3890 1
405 3920 1
405 3978 1
405 3983 1
405 4166 1
405 4172 1
405 4173 1
405 4180 1
405 4184 1
405 4295 1
405 4296 1
405 4420 1
405 4422 1
405 4423 1
405 4424 1
405 4425 1
405 4427 1
405 4428 1
405 4432 1
405 4433 1
405 4438 1
405 4440 1
405 4441 1
405 4447 1
405 4533 1
405 4542 1
419 7 1
419 18 1
419 1791 1
419 1796 1
419 1810 1
419 1813 1
419 1820 1
419 1821 1
419 1825 1
419 1837 1
419 2022 1
419 2030 1
419 2032 1
419 2034 1
419 2041 1
419 2057 1
419 2060 1
419 2067 1
419 2068 1
419 2071 1
419 2075 1
419 2077 1
419 2078 1
419 2080 1
419 2088 1
419 2091 1
419 2093 1
419 2094 1
419 2095 1
419 2096 1
419 2097 1
419 2102 1
419 2103 1
419 2116 1
419 2138 1
419 2145 1
419 2148 1
419 2152 1
419 2154 1
419 2155 1
419 2159 1
419 2381 1
419 2384 1
419 2401 1
419 2405 1
419 2414 1
419 2417 1
419 2418 1
419 2422 1
419 2425 1
419 2444 1
419 2454 1
419 2471 1
419 2482 1
419 2484 1
419 2486 1
419 2488 1
419 2495 1
419 2497 1
419 2508 1
419 2509 1
419 2513 1
419 2519 1
419 2523 1
419 2525 1
419 2528 1
419 2529 1
419 2530 1
419 2532 1
419 2536 1
419 2538 1
419 2541 1
419 2542 1
419 2544 1
419 2545 1
419 2546 1
419 2547 1
419 2548 1
419 2552 1
419 2567 1
419 2568 1
419 2597 1
419 2598 1
419 2599 1
419 2600 1
419 4428 1
419 4431 1
419 4432 1
419 4433 1
419 4435 1
419 4438 1
419 4440 1
419 4441 1
419 4447 1
419 4465 1
419 4533 1
419 4542 1
426 7 1
426 18 1
426 1677 1
426 1791 1
426 1796 1
426 1810 1
426 1813 1
426 1820 1
426 1821 1
426 1825 1
426 1837 1
426 2010 1
426 2014 1
426 2016 1
426 2018 1
426 2019 1
426 2020 1
426 2021 1
426 2023 1
426 2024 1
426 2025 1
426 2027 1
426 2028 1
426 2034 1
426 2035 1
426 2039 1
426 2040 1
426 2050 1
426 2056 1
426 2058 1
426 2063 1
426 2067 1
426 2068 1
426 2071 1
426 2075 1
426 2077 1
426 2078 1
426 2080 1
426 2084 1
426 2088 1
426 2091 1
426 2092 1
426 2093 1
426 2094 1
426 2095 1
426 2096 1
426 2097 1
426 2102 1
426 2103 1
426 2116 1
426 2138 1
426 2145 1
426 2148 1
426 2152 1
426 2154 1
426 2155 1
426 2156 1
426 2158 1
426 2159 1
426 2161 1
426 2162 1
426 2169 1
426 2171 1
426 2175 1
426 2179 1
426 2180 1
426 2181 1
426 2182 1
426 2183 1
426 2187 1
426 2188 1
426 2192 1
426 2193 1
426 2194 1
426 2197 1
426 2198 1
426 2200 1
426 2201 1
426 2264 1
426 2278 1
426 2279 1
426 2283 1
426 2287 1
426 2290 1
426 2297 1
426 2298 1
426 2305 1
426 2309 1
426 2312 1
426 2323 1
426 2324 1
426 2325 1
426 2331 1
426 2335 1
426 2337 1
426 2338 1
426 2342 1
426 2347 1
426 2348 1
426 2359 1
426 2365 1
426 2374 1
426 2377 1
426 2381 1
426 2384 1
426 2390 1
426 2397 1
426 2401 1
426 2405 1
426 2414 1
426 2415 1
426 2417 1
426 2418 1
426 2420 1
426 2422 1
426 2425 1
426 2432 1
426 2444 1
426 2454 1
426 2458 1
426 2471 1
426 2482 1
426 2488 1
426 2491 1
426 2495 1
426 2513 1
426 2519 1
426 2523 1
426 2525 1
426 2530 1
426 2538 1
426 2542 1
426 2547 1
426 2552 1
426 2568 1
426 2597 1
426 2598 1
426 2599 1
441 7 1
441 18 1
441 1791 1
441 1792 1
441 1796 1
441 1803 1
441 1804 1
441 1806 1
441 1809 1
441 1810 1
441 1813 1
441 1820 1
441 1821 1
441 1822 1
441 1825 1
441 1828 1
441 1830 1
441 1832 1
441 1833 1
441 1837 1
441 1838 1
441 1846 1
441 1847 1
441 1995 1
441 1997 1
441 1998 1
441 2000 1
441 2001 1
441 2003 1
441 2004 1
441 2009 1
441 2010 1
441 2011 1
441 2012 1
441 2013 1
441 2014 1
441 2022 1
441 2030 1
441 2032 1
441 2034 1
441 2041 1
441 2057 1
441 2060 1
441 2067 1
441 2068 1
441 2071 1
441 2075 1
441 2077 1
441 2078 1
441 2080 1
441 2088 1
441 2091 1
441 2093 1
441 2094 1
441 2095 1
441 2096 1
441 2097 1
441 2102 1
441 2103 1
441 2116 1
441 2138 1
441 2145 1
441 2148 1
441 2152 1
441 2154 1
441 2155 1
441 2159 1
441 2161 1
441 2162 1
441 2163 1
441 2169 1
441 2171 1
441 2175 1
441 2179 1
441 2180 1
441 2181 1
441 2182 1
441 2187 1
441 2188 1
441 2192 1
441 2193 1
441 2194 1
441 2197 1
441 2198 1
441 2200 1
441 2201 1
441 2264 1
441 2278 1
441 2279 1
441 2283 1
441 2287 1
441 2290 1
441 2297 1
441 2298 1
441 2305 1
441 2309 1
441 2312 1
441 2323 1
441 2324 1
441 2325 1
441 2331 1
441 2335 1
441 2337 1
441 2338 1
441 2342 1
441 2347 1
441 2348 1
441 2359 1
441 2365 1
441 2374 1
441 2377 1
441 2381 1
441 2384 1
441 2390 1
441 2397 1
441 2401 1
441 2405 1
441 2414 1
441 2415 1
441 2417 1
441 2418 1
441 2420 1
441 2422 1
441 2425 1
441 2432 1
441 2444 1
441 2454 1
441 2458 1
441 2471 1
441 2482 1
441 2484 1
441 2486 1
441 2488 1
441 2491 1
441 2495 1
441 2513 1
441 2519 1
441 2523 1
441 2525 1
441 2528 1
441 2529 1
441 2530 1
441 2532 1
441 2538 1
441 2541 1
441 2542 1
441 2544 1
441 2545 1
441 2546 1
441 2597 1
441 2598 1
452 7 1
452 17 1
452 1681 1
452 1682 1
452 1683 1
452 1684 1
452 1685 1
452 1686 1
452 1687 1
452 1688 1
452 1689 1
452 1693 1
452 1694 1
452 1737 1
452 1742 1
452 1751 1
452 1752 1
452 1757 1
452 1770 1
452 1771 1
452 1791 1
452 1792 1
452 1796 1
452 1803 1
452 1804 1
452 1806 1
452 1809 1
452 1810 1
452 1813 1
452 1820 1
452 1821 1
452 1822 1
452 1825 1
452 1826 1
452 1827 1
452 1828 1
452 1830 1
452 1831 1
452 1832 1
452 1833 1
452 1836 1
452 1837 1
452 1838 1
452 1846 1
452 1847 1
452 2026 1
452 2031 1
452 2033 1
452 2036 1
452 2038 1
452 2042 1
452 2043 1
452 2044 1
452 2046 1
452 2047 1
452 2048 1
452 2049 1
452 2051 1
452 2053 1
452 2054 1
452 2055 1
452 2059 1
452 2061 1
452 2062 1
452 2064 1
452 2128 1
452 2225 1
452 2230 1
452 2245 1
452 2598 1
452 2599 1
452 4420 1
452 4421 1
452 4422 1
452 4423 1
452 4424 1
452 4425 1
452 4426 1
452 4427 1
452 4428 1
452 4432 1
452 4433 1
452 4437 1
452 4438 1
452 4440 1
452 4441 1
452 4447 1
454 7 1
454 9 1
454 18 1
454 1279 1
454 1281 1
454 1304 1
454 1397 1
454 1404 1
454 1405 1
454 1415 1
454 1416 1
454 1418 1
454 1425 1
454 1430 1
454 1431 1
454 1432 1
454 1433 1
454 1439 1
454 1820 1
454 1821 1
454 1837 1
454 2016 1
454 2018 1
454 2019 1
454 2021 1
454 2023 1
454 2024 1
454 2025 1
454 2027 1
454 2034 1
454 2035 1
454 2037 1
454 2039 1
454 2040 1
454 2041 1
454 2050 1
454 2057 1
454 2058 1
454 2060 1
454 2063 1
454 2067 1
454 2068 1
454 2071 1
454 2075 1
454 2077 1
454 2078 1
454 2080 1
454 2084 1
454 2088 1
454 2091 1
454 2092 1
454 2093 1
454 2094 1
454 2095 1
454 2096 1
454 2102 1
454 2103 1
454 2116 1
454 2138 1
454 2145 1
454 2148 1
454 2152 1
454 2154 1
454 2155 1
454 2159 1
454 2381 1
454 2384 1
454 2390 1
454 2397 1
454 2401 1
454 2405 1
454 2414 1
454 2415 1
454 2417 1
454 2418 1
454 2420 1
454 2422 1
454 2425 1
454 2432 1
454 2444 1
454 2454 1
454 2458 1
454 2471 1
454 2482 1
454 2484 1
454 2486 1
454 2488 1
454 2495 1
454 2497 1
454 2508 1
454 2509 1
454 2513 1
454 2519 1
454 2523 1
454 2525 1
454 2528 1
454 2529 1
454 2530 1
454 2532 1
454 2536 1
454 2538 1
454 2541 1
454 2542 1
454 2544 1
454 2545 1
454 2546 1
454 2547 1
454 2548 1
454 2552 1
454 2567 1
454 2568 1
454 2597 1
454 2598 1
454 2599 1
454 2600 1
454 2888 1
454 2891 1
454 2902 1
454 2910 1
454 2921 1
454 2922 1
454 2924 1
454 2925 1
454 2927 1
454 2930 1
454 2949 1
454 2958 1
454 2968 1
454 2969 1
454 2970 1
454 2971 1
454 2975 1
454 2976 1
454 3973 1
454 3978 1
454 3983 1
454 3986 1
454 3987 1
454 3993 1
454 3997 1
454 4000 1
454 4015 1
454 4422 1
454 4423 1
454 4424 1
454 4425 1
454 4426 1
454 4427 1
454 4428 1
454 4432 1
454 4433 1
454 4438 1
454 4440 1
454 4441 1
454 4447 1
454 4533 1
454 4542 1
482 11 1
482 19 1
482 2889 1
482 2919 1
482 2937 1
482 2940 1
482 2941 1
514 18 1
514 2010 1
514 2011 1
514 2022 1
514 2024 1
514 2030 1
514 2032 1
514 2034 1
514 2037 1
514 2041 1
514 2057 1
514 2058 1
514 2060 1
514 2067 1
514 2068 1
514 2075 1
514 2077 1
514 2080 1
514 2088 1
514 2283 1
514 2320 1
514 2324 1
514 2325 1
514 2333 1
514 2335 1
514 2337 1
514 2338 1
514 2339 1
514 2342 1
514 2348 1
514 2365 1
514 2367 1
514 2374 1
514 2377 1
514 2381 1
514 2384 1
514 2387 1
514 2403 1
514 2405 1
514 2513 1
514 2519 1
514 2538 1
514 2597 1
541 18 1
541 2030 1
541 2032 1
541 2034 1
541 2037 1
541 2041 1
541 2057 1
541 2060 1
541 2067 1
541 2068 1
541 2075 1
541 2080 1
541 2088 1
541 2283 1
541 2320 1
541 2324 1
541 2325 1
541 2333 1
541 2335 1
541 2337 1
541 2338 1
541 2339 1
541 2342 1
541 2348 1
541 2365 1
541 2367 1
541 2374 1
541 2377 1
541 2381 1
541 2384 1
541 2387 1
541 2403 1
541 2405 1
541 2513 1
541 2519 1
541 2538 1
541 2597 1
542 18 1
542 2010 1
542 2011 1
542 2022 1
542 2024 1
542 2030 1
542 2032 1
542 2034 1
542 2037 1
542 2041 1
542 2057 1
542 2060 1
542 2067 1
542 2068 1
542 2075 1
542 2077 1
542 2080 1
542 2088 1
542 2283 1
542 2320 1
542 2324 1
542 2325 1
542 2333 1
542 2335 1
542 2337 1
542 2338 1
542 2339 1
542 2342 1
542 2348 1
542 2365 1
542 2367 1
542 2374 1
542 2377 1
542 2381 1
542 2384 1
542 2387 1
542 2403 1
542 2405 1
542 2513 1
542 2519 1
542 2538 1
542 2597 1
549 18 1
549 2010 1
549 2011 1
549 2022 1
549 2024 1
549 2030 1
549 2032 1
549 2034 1
549 2037 1
549 2041 1
549 2057 1
549 2060 1
549 2067 1
549 2068 1
549 2075 1
549 2077 1
549 2080 1
549 2088 1
549 2180 1
549 2188 1
549 2192 1
549 2193 1
549 2194 1
549 2197 1
549 2198 1
549 2200 1
549 2201 1
549 2264 1
549 2278 1
549 2279 1
549 2283 1
549 2290 1
549 2298 1
549 2299 1
549 2305 1
549 2307 1
549 2308 1
549 2309 1
549 2311 1
549 2312 1
549 2320 1
549 2324 1
549 2325 1
549 2333 1
549 2337 1
549 2338 1
549 2339 1
549 2342 1
549 2348 1
549 2365 1
549 2367 1
549 2377 1
549 2381 1
549 2384 1
549 2387 1
549 2403 1
549 2405 1
549 2513 1
549 2519 1
549 2538 1
549 2597 1
555 18 1
555 2030 1
555 2032 1
555 2034 1
555 2037 1
555 2041 1
555 2057 1
555 2058 1
555 2060 1
555 2067 1
555 2068 1
555 2075 1
555 2077 1
555 2080 1
555 2088 1
555 2188 1
555 2192 1
555 2197 1
555 2201 1
555 2264 1
555 2279 1
555 2283 1
555 2299 1
555 2305 1
555 2307 1
555 2308 1
555 2311 1
555 2320 1
555 2324 1
555 2325 1
555 2333 1
555 2337 1
555 2338 1
555 2339 1
555 2342 1
555 2348 1
555 2365 1
555 2367 1
555 2377 1
555 2381 1
555 2384 1
555 2387 1
555 2402 1
555 2403 1
555 2405 1
555 2413 1
555 2513 1
555 2519 1
555 2597 1
602 9 1
602 18 1
602 2010 1
602 2011 1
602 2014 1
602 2016 1
602 2022 1
602 2023 1
602 2024 1
602 2027 1
602 2030 1
602 2032 1
602 2034 1
602 2037 1
602 2041 1
602 2057 1
602 2058 1
602 2060 1
602 2067 1
602 2068 1
602 2071 1
602 2075 1
602 2077 1
602 2078 1
602 2080 1
602 2084 1
602 2088 1
602 2091 1
602 2180 1
602 2181 1
602 2182 1
602 2187 1
602 2188 1
602 2192 1
602 2193 1
602 2194 1
602 2197 1
602 2198 1
602 2200 1
602 2201 1
602 2264 1
602 2278 1
602 2279 1
602 2283 1
602 2290 1
602 2298 1
602 2299 1
602 2305 1
602 2307 1
602 2308 1
602 2309 1
602 2311 1
602 2312 1
602 2320 1
602 2324 1
602 2325 1
602 2333 1
602 2335 1
602 2337 1
602 2338 1
602 2339 1
602 2342 1
602 2348 1
602 2365 1
602 2367 1
602 2374 1
602 2377 1
602 2381 1
602 2384 1
602 2387 1
602 2403 1
602 2405 1
602 2509 1
602 2513 1
602 2519 1
602 2523 1
602 2525 1
602 2528 1
602 2529 1
602 2530 1
602 2532 1
602 2536 1
602 2538 1
602 2541 1
602 2542 1
602 2544 1
602 2545 1
602 2546 1
602 2547 1
602 2548 1
602 2552 1
602 2567 1
602 2568 1
602 2597 1
602 3083 1
602 4162 1
602 4164 1
602 4166 1
602 4168 1
602 4172 1
602 4173 1
602 4180 1
602 4182 1
602 4184 1
602 4186 1
602 4194 1
602 4198 1
602 4208 1
602 4295 1
602 4296 1
602 4299 1
602 4317 1
602 4319 1
602 4331 1
622 18 1
622 2010 1
622 2011 1
622 2022 1
622 2024 1
622 2030 1
622 2032 1
622 2034 1
622 2037 1
622 2041 1
622 2057 1
622 2060 1
622 2067 1
622 2068 1
622 2075 1
622 2077 1
622 2080 1
622 2088 1
622 2180 1
622 2188 1
622 2192 1
622 2193 1
622 2194 1
622 2197 1
622 2198 1
622 2200 1
622 2201 1
622 2264 1
622 2278 1
622 2279 1
622 2283 1
622 2290 1
622 2298 1
622 2299 1
622 2305 1
622 2307 1
622 2308 1
622 2309 1
622 2311 1
622 2312 1
622 2513 1
622 2519 1
622 2597 1
653 18 1
653 2030 1
653 2032 1
653 2034 1
653 2037 1
653 2041 1
653 2057 1
653 2060 1
653 2067 1
653 2068 1
653 2075 1
653 2077 1
653 2080 1
653 2088 1
653 2180 1
653 2188 1
653 2192 1
653 2193 1
653 2194 1
653 2197 1
653 2198 1
653 2200 1
653 2201 1
653 2264 1
653 2278 1
653 2279 1
653 2283 1
653 2290 1
653 2298 1
653 2299 1
653 2305 1
653 2307 1
653 2308 1
653 2309 1
653 2311 1
653 2312 1
653 2320 1
653 2324 1
653 2325 1
653 2333 1
653 2335 1
653 2337 1
653 2338 1
653 2339 1
653 2342 1
653 2348 1
653 2365 1
653 2367 1
653 2374 1
653 2377 1
653 2381 1
653 2384 1
653 2387 1
653 2403 1
653 2405 1
653 2513 1
653 2519 1
653 2597 1
680 9 1
680 16 1
680 18 1
680 1467 1
680 1469 1
680 2080 1
680 2088 1
680 2091 1
680 2093 1
680 2094 1
680 2095 1
680 2096 1
680 2097 1
680 2102 1
680 2103 1
680 2116 1
680 2138 1
680 2145 1
680 2148 1
680 2152 1
680 2155 1
680 2159 1
680 2161 1
680 2162 1
680 2163 1
680 2169 1
680 2171 1
680 2175 1
680 2179 1
680 2180 1
680 2181 1
680 2182 1
680 2187 1
680 2188 1
680 2192 1
680 2193 1
680 2194 1
680 2197 1
680 2198 1
680 2200 1
680 2201 1
680 2264 1
680 2278 1
680 2279 1
680 2283 1
680 2290 1
680 2298 1
680 2299 1
680 2305 1
680 2307 1
680 2308 1
680 2309 1
680 2311 1
680 2312 1
680 2320 1
680 2324 1
680 2325 1
680 2331 1
680 2333 1
680 2335 1
680 2336 1
680 2337 1
680 2338 1
680 2339 1
680 2342 1
680 2347 1
680 2348 1
680 2365 1
680 2367 1
680 2374 1
680 2377 1
680 2381 1
680 2384 1
680 2387 1
680 2390 1
680 2397 1
680 2401 1
680 2495 1
680 2513 1
680 2519 1
680 2525 1
680 2530 1
680 2538 1
680 2542 1
680 2552 1
680 2568 1
680 2597 1
680 2888 1
680 2891 1
680 2902 1
680 2910 1
680 2921 1
680 2923 1
680 2924 1
680 2949 1
680 2968 1
680 2969 1
680 2970 1
680 3083 1
680 3144 1
680 3153 1
680 3156 1
680 3159 1
680 3364 1
680 3365 1
680 3407 1
680 3441 1
680 3464 1
680 3496 1
680 3554 1
680 3571 1
680 3573 1
680 3600 1
680 3675 1
680 3689 1
680 3722 1
680 3784 1
680 3785 1
680 4162 1
680 4164 1
680 4166 1
680 4168 1
680 4171 1
680 4172 1
680 4173 1
680 4180 1
680 4182 1
680 4184 1
680 4186 1
680 4194 1
680 4198 1
680 4206 1
680 4208 1
680 4295 1
680 4296 1
680 4299 1
680 4317 1
680 4319 1
680 4331 1
725 7 1
725 18 1
725 1791 1
725 1796 1
725 1810 1
725 1813 1
725 1820 1
725 1821 1
725 1825 1
725 1837 1
725 2014 1
725 2016 1
725 2018 1
725 2019 1
725 2021 1
725 2023 1
725 2024 1
725 2025 1
725 2027 1
725 2034 1
725 2035 1
725 2037 1
725 2039 1
725 2040 1
725 2057 1
725 2058 1
725 2060 1
725 2063 1
725 2067 1
725 2068 1
725 2071 1
725 2075 1
725 2077 1
725 2078 1
725 2080 1
725 2084 1
725 2088 1
725 2091 1
725 2092 1
725 2093 1
725 2094 1
725 2095 1
725 2096 1
725 2097 1
725 2102 1
725 2103 1
725 2116 1
725 2138 1
725 2145 1
725 2148 1
725 2152 1
725 2154 1
725 2155 1
725 2156 1
725 2158 1
725 2159 1
725 2161 1
725 2162 1
725 2163 1
725 2169 1
725 2171 1
725 2175 1
725 2179 1
725 2180 1
725 2181 1
725 2182 1
725 2183 1
725 2187 1
725 2188 1
725 2192 1
725 2193 1
725 2194 1
725 2197 1
725 2198 1
725 2200 1
725 2201 1
725 2264 1
725 2278 1
725 2279 1
725 2287 1
725 2290 1
725 2297 1
725 2298 1
725 2305 1
725 2309 1
725 2312 1
725 2323 1
725 2324 1
725 2325 1
725 2331 1
725 2335 1
725 2337 1
725 2338 1
725 2342 1
725 2347 1
725 2348 1
725 2358 1
725 2359 1
725 2365 1
725 2482 1
725 2484 1
725 2486 1
725 2488 1
725 2491 1
725 2495 1
725 2497 1
725 2508 1
725 2509 1
725 2513 1
725 2519 1
725 2523 1
725 2525 1
725 2528 1
725 2529 1
725 2530 1
725 2532 1
725 2536 1
725 2538 1
725 2541 1
725 2542 1
725 2544 1
725 2545 1
737 18 1
737 2010 1
737 2011 1
737 2022 1
737 2024 1
737 2030 1
737 2032 1
737 2034 1
737 2037 1
737 2041 1
737 2057 1
737 2060 1
737 2067 1
737 2068 1
737 2075 1
737 2080 1
737 2088 1
737 2320 1
737 2324 1
737 2325 1
737 2333 1
737 2337 1
737 2339 1
737 2348 1
737 2365 1
737 2367 1
737 2377 1
737 2381 1
737 2384 1
737 2403 1
737 2405 1
737 2513 1
737 2519 1
737 2538 1
737 2597 1
745 9 1
745 18 1
745 2010 1
745 2022 1
745 2030 1
745 2034 1
745 2037 1
745 2041 1
745 2057 1
745 2060 1
745 2067 1
745 2068 1
745 2075 1
745 2077 1
745 2080 1
745 2088 1
745 2091 1
745 2092 1
745 2093 1
745 2094 1
745 2095 1
745 2096 1
745 2097 1
745 2102 1
745 2103 1
745 2116 1
745 2138 1
745 2145 1
745 2148 1
745 2152 1
745 2154 1
745 2155 1
745 2159 1
745 2161 1
745 2162 1
745 2163 1
745 2169 1
745 2171 1
745 2175 1
745 2179 1
745 2180 1
745 2181 1
745 2182 1
745 2187 1
745 2188 1
745 2192 1
745 2193 1
745 2194 1
745 2197 1
745 2198 1
745 2200 1
745 2201 1
745 2264 1
745 2278 1
745 2279 1
745 2283 1
745 2290 1
745 2298 1
745 2305 1
745 2308 1
745 2309 1
745 2311 1
745 2414 1
745 2415 1
745 2417 1
745 2418 1
745 2419 1
745 2420 1
745 2422 1
745 2425 1
745 2432 1
745 2444 1
745 2454 1
745 2458 1
745 2471 1
745 2482 1
745 2484 1
745 2486 1
745 2488 1
745 2495 1
745 2513 1
745 2519 1
745 2597 1
745 2927 1
745 2930 1
745 2949 1
745 2958 1
745 2968 1
745 2969 1
745 2970 1
745 3784 1
745 3785 1
745 3815 1
745 3890 1
745 3894 1
745 3920 1
745 3947 1
745 3973 1
745 3978 1
745 3983 1
745 3986 1
745 3987 1
745 3993 1
745 3997 1
745 4000 1
745 4011 1
745 4098 1
745 4110 1
745 4113 1
745 4123 1
745 4130 1
745 4146 1
745 4151 1
745 4158 1
745 4162 1
745 4164 1
745 4166 1
745 4168 1
745 4172 1
745 4173 1
745 4180 1
745 4182 1
745 4184 1
745 4186 1
745 4194 1
745 4198 1
745 4208 1
773 18 1
773 2030 1
773 2032 1
773 2034 1
773 2037 1
773 2041 1
773 2057 1
773 2060 1
773 2067 1
773 2068 1
773 2075 1
773 2080 1
773 2088 1
773 2180 1
773 2188 1
773 2192 1
773 2193 1
773 2194 1
773 2197 1
773 2198 1
773 2200 1
773 2201 1
773 2264 1
773 2278 1
773 2279 1
773 2283 1
773 2290 1
773 2298 1
773 2299 1
773 2305 1
773 2307 1
773 2308 1
773 2309 1
773 2311 1
773 2320 1
773 2324 1
773 2325 1
773 2333 1
773 2335 1
773 2337 1
773 2338 1
773 2339 1
773 2342 1
773 2348 1
773 2365 1
773 2367 1
773 2374 1
773 2377 1
773 2381 1
773 2384 1
773 2387 1
773 2403 1
773 2405 1
773 2513 1
773 2519 1
773 2538 1
773 2597 1
882 7 1
882 18 1
882 1791 1
882 1792 1
882 1796 1
882 1803 1
882 1804 1
882 1806 1
882 1809 1
882 1810 1
882 1813 1
882 1820 1
882 1821 1
882 1822 1
882 1825 1
882 1828 1
882 1830 1
882 1832 1
882 1833 1
882 1837 1
882 1838 1
882 1846 1
882 1847 1
882 1936 1
882 1937 1
882 1939 1
882 1945 1
882 1979 1
882 2010 1
882 2011 1
882 2012 1
882 2013 1
882 2014 1
882 2015 1
882 2016 1
882 2018 1
882 2019 1
882 2020 1
882 2021 1
882 2024 1
882 2025 1
882 2027 1
882 2028 1
882 2034 1
882 2035 1
882 2039 1
882 2040 1
882 2050 1
882 2056 1
882 2057 1
882 2058 1
882 2060 1
882 2063 1
882 2067 1
882 2068 1
882 2071 1
882 2075 1
882 2077 1
882 2078 1
882 2080 1
882 2084 1
882 2088 1
882 2091 1
882 2092 1
882 2093 1
882 2094 1
882 2095 1
882 2096 1
882 2097 1
882 2102 1
882 2103 1
882 2116 1
882 2138 1
882 2145 1
882 2148 1
882 2152 1
882 2154 1
882 2155 1
882 2156 1
882 2158 1
882 2159 1
882 2161 1
882 2162 1
882 2163 1
882 2169 1
882 2171 1
882 2175 1
882 2179 1
882 2180 1
882 2181 1
882 2182 1
882 2183 1
882 2187 1
882 2188 1
882 2192 1
882 2193 1
882 2194 1
882 2197 1
882 2198 1
882 2200 1
882 2201 1
882 2264 1
882 2278 1
882 2279 1
882 2287 1
882 2290 1
882 2297 1
882 2298 1
882 2305 1
882 2309 1
882 2312 1
882 2323 1
882 2324 1
882 2325 1
882 2331 1
882 2335 1
882 2337 1
882 2338 1
882 2342 1
882 2347 1
882 2348 1
882 2358 1
882 2359 1
882 2365 1
882 2482 1
882 2488 1
882 2491 1
882 2495 1
882 2513 1
882 2519 1
882 2523 1
882 2525 1
882 2530 1
882 2538 1
882 2542 1
882 2597 1
921 18 1
921 2030 1
921 2032 1
921 2034 1
921 2037 1
921 2041 1
921 2057 1
921 2060 1
921 2067 1
921 2068 1
921 2075 1
921 2080 1
921 2088 1
921 2180 1
921 2188 1
921 2192 1
921 2193 1
921 2194 1
921 2197 1
921 2198 1
921 2200 1
921 2201 1
921 2264 1
921 2278 1
921 2279 1
921 2283 1
921 2290 1
921 2298 1
921 2299 1
921 2305 1
921 2307 1
921 2308 1
921 2309 1
921 2311 1
921 2312 1
921 2320 1
921 2324 1
921 2325 1
921 2333 1
921 2337 1
921 2338 1
921 2339 1
921 2342 1
921 2348 1
921 2365 1
921 2367 1
921 2377 1
921 2381 1
921 2384 1
921 2387 1
921 2403 1
921 2405 1
921 2513 1
921 2519 1
921 2538 1
921 2597 1
1075 7 1
1075 9 1
1075 19 1
1075 1488 1
1075 1497 1
1075 1500 1
1075 1521 1
1075 1527 1
1075 1529 1
1075 1536 1
1075 1539 1
1075 1541 1
1075 1547 1
1075 1548 1
1075 1677 1
1075 1687 1
1075 1688 1
1075 1693 1
1075 1694 1
1075 1742 1
1075 1757 1
1075 1771 1
1075 1791 1
1075 1796 1
1075 1804 1
1075 1809 1
1075 1810 1
1075 1813 1
1075 1820 1
1075 1821 1
1075 1825 1
1075 2598 1
1075 2599 1
1075 2600 1
1075 2602 1
1075 2603 1
1075 2610 1
1075 2615 1
1075 2616 1
1075 2618 1
1075 2708 1
1075 2765 1
1075 2772 1
1075 2888 1
1075 2902 1
1075 2910 1
1075 2923 1
1075 2924 1
1075 2925 1
1075 2927 1
1075 2930 1
1075 2949 1
1075 2952 1
1075 2958 1
1075 2968 1
1075 2969 1
1075 2970 1
1075 2976 1
1075 3001 1
1075 3022 1
1075 3032 1
1075 3035 1
1075 3093 1
1075 3097 1
1075 3675 1
1075 3689 1
1075 3722 1
1075 3784 1
1075 3785 1
1075 3815 1
1075 3890 1
1075 3920 1
1075 3947 1
1075 3978 1
1075 3983 1
1075 3986 1
1075 3987 1
1075 4166 1
1075 4172 1
1075 4173 1
1075 4180 1
1075 4184 1
1075 4239 1
1075 4242 1
1075 4243 1
1075 4245 1
1075 4247 1
1075 4248 1
1075 4250 1
1075 4251 1
1075 4259 1
1075 4260 1
1075 4261 1
1075 4263 1
1075 4265 1
1075 4267 1
1075 4271 1
1075 4422 1
1075 4423 1
1075 4424 1
1075 4425 1
1075 4426 1
1075 4427 1
1075 4428 1
1075 4432 1
1075 4433 1
1099 9 1
1099 19 1
1099 2921 1
1099 2922 1
1099 2924 1
1099 2927 1
1099 2930 1
1099 2949 1
1099 2968 1
1099 2969 1
1099 3022 1
1099 3028 1
1099 3032 1
1099 3035 1
1099 3093 1
1099 3097 1
1099 3111 1
1099 3129 1
1099 3136 1
1099 3144 1
1099 3153 1
1099 3156 1
1099 3159 1
1099 3441 1
1099 3554 1
1099 3675 1
1099 3689 1
1099 3722 1
1099 3784 1
1099 3785 1
1099 3815 1
1099 3890 1
1099 3920 1
1099 3947 1
1099 4055 1
1099 4068 1
1099 4071 1
1099 4080 1
1099 4082 1
1099 4086 1
1099 4107 1
1099 4108 1
1099 4236 1
1099 4242 1
1099 4245 1
1125 9 1
1125 2888 1
1125 2902 1
1125 2910 1
1125 2921 1
1125 2924 1
1125 2925 1
1125 2927 1
1125 2930 1
1125 2949 1
1125 2968 1
1125 2969 1
1125 4015 1
1125 4055 1
1141 9 1
1141 2888 1
1141 2891 1
1141 2902 1
1141 2910 1
1141 2921 1
1141 2922 1
1141 2923 1
1141 2924 1
1141 2925 1
1141 2927 1
1141 2930 1
1141 2949 1
1141 2968 1
1141 2969 1
1141 4192 1
1141 4206 1
1141 4208 1
1141 4218 1
1141 4221 1
1190 9 1
1190 2888 1
1190 2891 1
1190 2902 1
1190 2910 1
1190 2921 1
1190 2922 1
1190 2923 1
1190 2924 1
1190 2925 1
1190 2927 1
1190 2930 1
1190 2952 1
1190 2968 1
1190 2969 1
1190 4011 1
1190 4015 1
1190 4192 1
1190 4206 1
1190 4208 1
1190 4218 1
1190 4221 1
1229 7 1
1229 9 1
1229 1229 1
1229 1279 1
1229 1677 1
1229 1791 1
1229 1796 1
1229 1810 1
1229 1813 1
1229 1820 1
1229 1821 1
1229 1825 1
1229 1837 1
1229 2921 1
1229 2922 1
1229 2924 1
1229 2925 1
1229 2927 1
1229 2930 1
1229 2949 1
1229 2952 1
1229 2955 1
1229 2958 1
1229 2968 1
1229 2969 1
1229 2970 1
1229 2976 1
1229 3001 1
1229 3022 1
1229 3032 1
1229 3035 1
1229 3689 1
1229 3983 1
1229 4086 1
1229 4420 1
1229 4423 1
1229 4424 1
1229 4425 1
1229 4426 1
1229 4427 1
1229 4428 1
1229 4432 1
1229 4433 1
1229 4438 1
1435 7 1
1435 1681 1
1435 1682 1
1435 1683 1
1435 1684 1
1435 1685 1
1435 1686 1
1435 1687 1
1435 1688 1
1435 1689 1
1435 1693 1
1435 1694 1
1435 1737 1
1435 1742 1
1435 1751 1
1435 1752 1
1435 1757 1
1435 1770 1
1435 1771 1
1435 1791 1
1435 1796 1
1435 1810 1
1435 1813 1
1435 1820 1
1435 1821 1
1435 1825 1
1435 1826 1
1435 1827 1
1435 1837 1
1435 1869 1
1435 1870 1
1435 1874 1
1435 1876 1
1435 1904 1
1435 4420 1
1435 4421 1
1435 4422 1
1435 4423 1
1435 4424 1
1435 4425 1
1435 4428 1
1435 4431 1
1435 4432 1
1435 4433 1
1435 4435 1
1435 4437 1
1435 4438 1
1435 4440 1
1435 4441 1
1435 4447 1
1435 4465 1
1435 4533 1
