532 1992 1
420 1905 1
672 1994 1
799 2005 1
482 1990 1
482 2005 1
1141 2918 1
1141 2920 1
551 1992 1
86 50 1
1125 2891 1
1125 2922 1
353 1821 1
353 2013 1
353 2092 1
31 11 1
365 1825 1
365 1935 1
365 2063 1
497 1990 1
83 50 1
394 1874 1
394 1905 1
394 3015 1
179 1364 1
514 1992 1
514 2023 1
626 1994 1
535 1992 1
882 2023 1
882 2642 1
398 1875 1
54 31 1
693 1995 1
286 1681 1
126 101 1
170 1351 1
1006 2359 1
522 1992 1
737 1998 1
737 2338 1
282 1677 1
298 1682 1
298 4422 1
613 1994 1
331 1691 1
820 2011 1
1233 2959 1
419 1905 1
419 1929 1
419 2063 1
636 1994 1
921 2071 1
921 2097 1
1114 2890 1
724 1996 1
171 1351 1
260 1533 1
852 2016 1
138 643 1
549 1992 1
549 2014 1
558 1992 1
467 1980 1
39 25 1
542 1992 1
542 1994 1
314 1684 1
594 1993 1
1156 2921 1
66 38 1
211 1366 1
630 1994 1
1392 4422 1
622 1994 1
622 1995 1
2 0 1
2 2922 1
311 1684 1
27 6 1
745 1999 1
745 2922 1
624 1994 1
256 1526 1
25 3 1
572 1992 1
47 29 1
106 71 1
120 92 1
45 26 1
45 2019 1
533 1992 1
1132 2891 1
92 54 1
666 1994 1
194 1365 1
194 1463 1
194 1868 1
110 77 1
886 2023 1
541 1992 1
541 2065 1
733 1998 1
267 1538 1
267 1825 1
267 1826 1
1075 2730 1
1075 2891 1
1075 2921 1
1075 2922 1
1075 2929 1
1075 2943 1
1075 2944 1
1075 2975 1
1075 2982 1
71 40 1
33 11 1
644 1994 1
1118 2890 1
778 2002 1
373 1826 1
9 1 1
9 3 1
9 68 1
9 1992 1
449 1934 1
1280 4364 1
144 1261 1
144 1364 1
667 1994 1
1155 2921 1
372 1826 1
1099 2887 1
1099 2937 1
531 1992 1
228 1457 1
79 46 1
79 54 1
79 1931 1
148 1275 1
148 2001 1
555 1992 1
555 2019 1
555 2023 1
408 1904 1
507 1992 1
504 1992 1
172 1351 1
125 101 1
125 1820 1
125 1931 1
125 1980 1
90 54 1
69 38 1
69 40 1
421 1905 1
516 1992 1
652 1994 1
173 1351 1
162 1350 1
162 1993 1
568 1992 1
483 1990 1
1187 2927 1
734 1998 1
717 1995 1
454 1935 1
454 1936 1
454 2097 1
454 2947 1
75 43 1
75 1321 1
272 1542 1
1202 2937 1
278 1671 1
1359 4422 1
36 14 1
616 1994 1
114 82 1
114 2005 1
417 1904 1
604 1994 1
1427 4425 1
11 2 1
396 1875 1
761 2001 1
22 3 1
1347 4422 1
93 58 1
153 1313 1
153 1368 1
153 1684 1
580 1992 1
487 1990 1
635 1994 1
369 1826 1
935 2094 1
773 2002 1
773 2023 1
4 0 1
4 2163 1
1169 2922 1
1166 2922 1
653 1994 1
653 2023 1
399 1875 1
19 3 1
35 14 1
35 102 1
407 1904 1
961 2163 1
625 1994 1
17 3 1
190 1365 1
190 1994 1
606 1994 1
301 1682 1
1230 2958 1
517 1992 1
546 1992 1
658 1994 1
283 1681 1
797 2005 1
749 1999 1
469 1990 1
800 2006 1
160 1350 1
877 2021 1
152 1313 1
509 1992 1
586 1993 1
1143 2920 1
151 1313 1
151 2890 1
1014 2637 1
452 1934 1
452 2355 1
623 1994 1
262 1533 1
150 1275 1
150 1686 1
150 1827 1
150 1906 1
640 1994 1
1403 4422 1
146 1261 1
186 1364 1
608 1994 1
751 2000 1
854 2016 1
219 1372 1
219 1457 1
441 1932 1
441 1994 1
648 1994 1
524 1992 1
540 1992 1
484 1990 1
95 59 1
95 1681 1
392 1870 1
1435 4426 1
1435 4427 1
612 1994 1
725 1996 1
725 4421 1
98 65 1
98 1686 1
98 2000 1
98 2182 1
98 2617 1
98 2639 1
98 2922 1
406 1904 1
1071 2730 1
779 2004 1
134 249 1
134 1521 1
230 1457 1
418 1904 1
391 1870 1
647 1994 1
1152 2921 1
379 1868 1
791 2005 1
878 2021 1
1016 2637 1
455 1935 1
702 1995 1
1413 4424 1
776 2002 1
166 1350 1
646 1994 1
474 1990 1
21 3 1
459 1936 1
343 1820 1
343 1904 1
1123 2891 1
87 53 1
87 167 1
107 73 1
107 420 1
506 1992 1
602 1993 1
602 2007 1
602 2920 1
602 2961 1
23 3 1
1432 4425 1
714 1995 1
1149 2921 1
1229 2957 1
1229 4422 1
381 1868 1
163 1350 1
163 1351 1
680 1995 1
680 2619 1
680 2922 1
680 2929 1
680 2936 1
680 2942 1
661 1994 1
628 1994 1
63 37 1
494 1990 1
922 2071 1
196 1365 1
30 11 1
1190 2929 1
1190 2949 1
1395 4422 1
461 1936 1
710 1995 1
479 1990 1
124 101 1
538 1992 1
942 2116 1
607 1994 1
426 1929 1
426 2163 1
727 1997 1
668 1994 1
81 46 1
425 1929 1
65 38 1
65 2019 1
471 1990 1
605 1994 1
175 1351 1
793 2005 1
712 1995 1
416 1904 1
643 1994 1
1438 4426 1
588 1993 1
1074 2730 1
430 1930 1
601 1993 1
78 45 1
567 1992 1
528 1992 1
405 1880 1
405 1904 1
405 2921 1
405 2922 1
405 2924 1
277 1671 1
578 1992 1
247 1497 1
736 1998 1
597 1993 1
423 1928 1
